time,distance
2012-08-06 06:00:55,3.7803362584478135
2012-08-06 06:01:06,4.7224518134013005
2012-08-06 06:01:16,6.08298517728668
2012-08-06 06:01:25,7.443518541175395
2012-08-06 06:01:36,7.9705417400883745
2012-08-06 06:01:45,9.433976653266864
2012-08-06 06:01:56,9.912769859644351
2012-08-06 06:02:06,10.27685980740251
2012-08-06 06:02:15,10.496518405110058
2012-08-06 06:02:26,10.716177002869019
2012-08-06 06:02:35,10.935835600576567
2012-08-06 06:02:46,11.835938764892914
2012-08-06 06:02:56,12.050083428372583
2012-08-06 06:03:05,12.304714428945886
2012-08-06 06:03:16,13.643856612812453
2012-08-06 06:03:25,15.200554484786863
2012-08-06 06:03:35,16.307411119979484
2012-08-06 06:03:46,17.198252029293
2012-08-06 06:03:55,17.591767762215646
2012-08-06 06:04:06,18.222627272779814
2012-08-06 06:04:15,19.7960717665419
2012-08-06 06:04:25,20.4710183916448
2012-08-06 06:04:36,20.719943791140853
2012-08-06 06:04:45,21.05283252986064
2012-08-06 06:04:56,21.324068639493746
2012-08-06 06:05:05,21.760279207156415
2012-08-06 06:05:15,22.448275510446056
2012-08-06 06:05:26,23.329948942493193
2012-08-06 06:05:35,23.832306832500024
2012-08-06 06:05:46,24.618208352171095
2012-08-06 06:05:56,25.64183206939831
2012-08-06 06:06:05,27.24709027363727
2012-08-06 06:06:16,28.349130630121223
2012-08-06 06:06:25,29.41185538471723
2012-08-06 06:06:36,31.4873694655742
2012-08-06 06:06:46,32.3838781824697
2012-08-06 06:06:55,33.14432978879547
2012-08-06 06:07:06,33.59903168520676
2012-08-06 06:07:15,34.00413561040458
2012-08-06 06:07:26,34.16158243026105
2012-08-06 06:07:36,34.86778350360287
2012-08-06 06:07:45,35.663399735761715
2012-08-06 06:07:56,37.76940080093865
2012-08-06 06:08:05,39.90527246305855
2012-08-06 06:08:15,40.0936273616427
2012-08-06 06:08:26,42.96044369867509
2012-08-06 06:08:35,43.40353104024094
2012-08-06 06:08:46,43.84661838179069
2012-08-06 06:08:55,45.64453836216925
2012-08-06 06:09:05,46.48562567206131
2012-08-06 06:09:16,49.180984488629804
2012-08-06 06:09:25,50.5083434911166
2012-08-06 06:09:36,51.58918324621217
2012-08-06 06:09:46,53.637267778002084
2012-08-06 06:09:55,55.23098565364337
2012-08-06 06:10:06,56.85910086149445
2012-08-06 06:10:15,57.478467310342644
2012-08-06 06:10:26,59.18353245841685
2012-08-06 06:10:36,60.88859760648421
2012-08-06 06:10:45,61.96755040553493
2012-08-06 06:10:56,63.55895046452911
2012-08-06 06:11:05,64.76761904725404
2012-08-06 06:11:16,66.51518557296956
2012-08-06 06:11:26,67.14695322073219
2012-08-06 06:11:35,70.38781672847279
2012-08-06 06:11:46,71.88991902619789
2012-08-06 06:11:55,74.62407578555394
2012-08-06 06:12:06,78.17603492027821
2012-08-06 06:12:16,82.79553691500855
2012-08-06 06:12:25,82.81714064204388
2012-08-06 06:12:36,82.83874436908293
2012-08-06 06:12:45,82.86034809611826
2012-08-06 06:12:55,84.3984618922152
2012-08-06 06:13:06,87.31603742346456
2012-08-06 06:13:15,87.53892210165145
2012-08-06 06:13:26,87.84134292152801
2012-08-06 06:13:35,88.63046163601057
2012-08-06 06:13:45,89.5214780250149
2012-08-06 06:13:56,89.91412401986196
2012-08-06 06:14:05,90.92536978219101
2012-08-06 06:14:16,91.43554762368642
2012-08-06 06:14:26,91.91434081032148
2012-08-06 06:14:35,92.78460259285794
2012-08-06 06:14:46,93.57662864989983
2012-08-06 06:14:55,94.63852879975593
2012-08-06 06:15:06,99.08258559231066
2012-08-06 06:15:16,99.81112691979365
2012-08-06 06:15:25,100.95180430443548
2012-08-06 06:15:36,102.30085555585723
2012-08-06 06:15:45,104.43387435078755
2012-08-06 06:15:56,105.63008681915578
2012-08-06 06:16:06,108.26957892026167
2012-08-06 06:16:15,110.90907102130936
2012-08-06 06:16:26,113.19733245865439
2012-08-06 06:16:35,114.76472020957381
2012-08-06 06:16:45,117.60808974114333
2012-08-06 06:16:56,119.37962228213902
2012-08-06 06:17:05,126.20080657024434
2012-08-06 06:17:16,129.49819387832295
2012-08-06 06:17:25,132.79558118645394
2012-08-06 06:17:35,133.73402909051887
2012-08-06 06:17:46,134.67247699452767
2012-08-06 06:17:55,135.17847108837861
2012-08-06 06:18:06,135.68446518223286
2012-08-06 06:18:15,136.19045927613567
2012-08-06 06:18:25,136.6964533699866
2012-08-06 06:18:36,137.1996040015474
2012-08-06 06:18:45,137.7027546331082
2012-08-06 06:18:56,138.53593255708194
2012-08-06 06:19:06,140.7909976125095
2012-08-06 06:19:15,141.58582823791699
2012-08-06 06:19:26,145.33613638081064
2012-08-06 06:19:35,149.4104722777427
2012-08-06 06:19:46,160.4239556995334
2012-08-06 06:19:56,168.35363182760986
2012-08-06 06:20:05,175.90856717995476
2012-08-06 06:20:16,183.03354846795787
2012-08-06 06:20:25,190.15852975596096
2012-08-06 06:20:36,191.38984270336323
2012-08-06 06:20:46,192.62115565076195
2012-08-06 06:20:55,193.85246859816422
2012-08-06 06:21:06,196.68801795685118
2012-08-06 06:21:15,199.52356731553814
2012-08-06 06:21:25,201.44776257716774
2012-08-06 06:21:36,203.80527624583073
2012-08-06 06:21:45,204.41097013271977
2012-08-06 06:21:56,205.3884845374808
2012-08-06 06:22:05,206.40719532965886
2012-08-06 06:22:15,207.4259061218923
2012-08-06 06:22:26,209.25648406770281
2012-08-06 06:22:35,210.55871745104292
2012-08-06 06:22:46,211.02954667262838
2012-08-06 06:22:55,211.62995848037127
2012-08-06 06:23:05,212.2768011005766
2012-08-06 06:23:16,213.79643086654593
2012-08-06 06:23:25,214.95443898960607
2012-08-06 06:23:36,217.51248679866703
2012-08-06 06:23:46,218.27354790077803
2012-08-06 06:23:55,219.0346090029125
2012-08-06 06:24:06,219.7956701050235
2012-08-06 06:24:15,222.3102313906442
2012-08-06 06:24:26,224.9934137614078
2012-08-06 06:24:36,226.6046295609726
2012-08-06 06:24:45,227.48952555720382
2012-08-06 06:24:56,227.86602689496337
2012-08-06 06:25:05,228.24252823272292
2012-08-06 06:25:16,228.61902957047567
2012-08-06 06:25:26,228.99553090823522
2012-08-06 06:25:35,229.37203224599477
2012-08-06 06:25:46,229.74853358375432
2012-08-06 06:25:55,230.12503492148593
2012-08-06 06:26:05,230.50153625924548
2012-08-06 06:26:16,230.87803759700503
2012-08-06 06:26:25,231.25453893476458
2012-08-06 06:26:36,231.63104027252413
2012-08-06 06:26:45,232.0075416102769
2012-08-06 06:26:55,232.38404294803644
2012-08-06 06:27:06,232.760544285796
2012-08-06 06:27:15,235.8698212269764
2012-08-06 06:27:26,238.9790981681568
2012-08-06 06:27:35,242.0883751093635
2012-08-06 06:27:45,245.19765205054392
2012-08-06 06:27:56,248.30692899172433
2012-08-06 06:28:05,249.60590783785398
2012-08-06 06:28:16,255.02228024505533
2012-08-06 06:28:26,259.1309823335905
2012-08-06 06:28:35,263.2396844221257
2012-08-06 06:28:46,264.18971146198663
2012-08-06 06:28:55,264.56820933757865
2012-08-06 06:29:06,265.37492680053555
2012-08-06 06:29:16,266.18164426349506
2012-08-06 06:29:25,266.30462383414215
2012-08-06 06:29:36,266.8327088628426
2012-08-06 06:29:45,267.4074283787673
2012-08-06 06:29:56,267.95478779954567
2012-08-06 06:30:06,269.5258937429316
2012-08-06 06:30:15,271.0087975612068
2012-08-06 06:30:26,272.62907729810064
2012-08-06 06:30:35,273.72348536723086
2012-08-06 06:30:45,275.5877232070832
2012-08-06 06:30:56,277.45196104698977
2012-08-06 06:31:05,281.13274184635804
2012-08-06 06:31:16,289.1632583361627
2012-08-06 06:31:25,289.92977528948956
2012-08-06 06:31:35,293.76902940731316
2012-08-06 06:31:46,294.8526445927818
2012-08-06 06:31:55,295.9362597782057
2012-08-06 06:32:06,297.01987496367434
2012-08-06 06:32:16,298.103490149143
2012-08-06 06:32:25,299.18710533456687
2012-08-06 06:32:36,300.2707205200355
2012-08-06 06:32:45,303.2628078458956
2012-08-06 06:32:56,305.30932960420205
2012-08-06 06:33:06,307.47067835095527
2012-08-06 06:33:15,308.68833868668474
2012-08-06 06:33:26,309.9059990224142
2012-08-06 06:33:35,310.5853397385291
2012-08-06 06:33:46,313.23038437309754
2012-08-06 06:33:56,317.52263455975293
2012-08-06 06:34:05,320.98492833971636
2012-08-06 06:34:16,325.3745476741077
2012-08-06 06:34:25,325.666638402881
2012-08-06 06:34:36,326.05483075337355
2012-08-06 06:34:46,326.4430231038661
2012-08-06 06:34:55,326.83121545437024
2012-08-06 06:35:06,327.2194078048628
2012-08-06 06:35:15,327.6076001553553
2012-08-06 06:35:25,328.65847135783594
2012-08-06 06:35:36,329.70934256031654
2012-08-06 06:35:45,330.61557949059915
2012-08-06 06:35:56,333.000660606722
2012-08-06 06:36:05,335.3857417228449
2012-08-06 06:36:15,336.0773952614141
2012-08-06 06:36:26,336.76904880004196
2012-08-06 06:36:35,337.46070233861116
2012-08-06 06:36:46,338.152355877239
2012-08-06 06:36:56,338.8440094158082
2012-08-06 06:37:05,339.5356629544361
2012-08-06 06:37:16,340.2273164930053
2012-08-06 06:37:25,342.5512289213287
2012-08-06 06:37:36,343.4861440777201
2012-08-06 06:37:46,344.4210592341136
2012-08-06 06:37:55,345.355974390505
2012-08-06 06:38:06,346.29088954689854
2012-08-06 06:38:15,347.22580470328995
2012-08-06 06:38:26,348.16071985968347
2012-08-06 06:38:36,349.0956350160749
2012-08-06 06:38:45,350.0305501724684
2012-08-06 06:38:56,350.9654653288598
2012-08-06 06:39:05,351.9003804852533
2012-08-06 06:39:15,352.83529564164473
2012-08-06 06:39:26,353.77021079803825
2012-08-06 06:39:35,354.70512595442966
2012-08-06 06:39:46,355.6400411108232
2012-08-06 06:39:55,356.5749562672146
2012-08-06 06:40:05,357.5098714236081
2012-08-06 06:40:16,358.4447865799995
2012-08-06 06:40:25,359.37970173639303
2012-08-06 06:40:36,360.31461689278444
2012-08-06 06:40:45,361.24953204917796
2012-08-06 06:40:55,362.18444720556937
2012-08-06 06:41:06,363.1193623619629
2012-08-06 06:41:15,364.0542775183543
2012-08-06 06:41:26,364.40978077619064
2012-08-06 06:41:36,364.76528403403427
2012-08-06 06:41:45,365.5932599097485
2012-08-06 06:41:56,366.42123578550303
2012-08-06 06:42:05,367.12754898578623
2012-08-06 06:42:16,368.26284354871405
2012-08-06 06:42:26,368.4562129700205
2012-08-06 06:42:35,369.7340339752856
2012-08-06 06:42:46,377.4855667266868
2012-08-06 06:42:55,379.1608101331141
2012-08-06 06:43:06,380.4634273380264
2012-08-06 06:43:16,382.0313600872439
2012-08-06 06:43:25,384.928564032274
2012-08-06 06:43:36,386.4703558247861
2012-08-06 06:43:45,393.31905218918337
2012-08-06 06:43:55,394.5931451443492
2012-08-06 06:44:06,399.27455275766647
2012-08-06 06:44:15,407.38740380062745
2012-08-06 06:44:26,417.35890445325197
2012-08-06 06:44:35,418.8906441930063
2012-08-06 06:44:45,424.8731601501772
2012-08-06 06:44:56,433.5955221524983
2012-08-06 06:45:05,439.8615252707815
2012-08-06 06:45:16,450.5456293558113
2012-08-06 06:45:25,452.4995475063069
2012-08-06 06:45:35,460.176012703671
2012-08-06 06:45:46,461.4058658667306
2012-08-06 06:45:55,461.68438449959547
2012-08-06 06:46:06,461.9878425061624
2012-08-06 06:46:16,464.0419552383017
2012-08-06 06:46:25,472.2300506806027
2012-08-06 06:46:36,472.6956156404801
2012-08-06 06:46:45,473.1611806004091
2012-08-06 06:46:56,480.7010014233972
2012-08-06 06:47:06,482.1475196170763
2012-08-06 06:47:15,483.23051231766686
2012-08-06 06:47:26,485.3668609888218
2012-08-06 06:47:35,486.7859877103541
2012-08-06 06:47:46,491.18704015690696
2012-08-06 06:47:56,504.10679320539117
2012-08-06 06:48:05,512.029548871702
2012-08-06 06:48:16,516.2108768832945
2012-08-06 06:48:25,521.146421055092
2012-08-06 06:48:35,521.5251006552943
2012-08-06 06:48:46,522.2927680669907
2012-08-06 06:48:55,526.2838244680893
2012-08-06 06:49:06,530.1682340577897
2012-08-06 06:49:15,532.4114657600579
2012-08-06 06:49:25,532.97241966423
2012-08-06 06:49:36,534.5266202144353
2012-08-06 06:49:45,539.0723605737442
2012-08-06 06:49:56,540.9464702241097
2012-08-06 06:50:05,551.2029358447609
2012-08-06 06:50:15,551.9020887383933
2012-08-06 06:50:26,552.6025829668824
2012-08-06 06:50:35,553.3030771953715
2012-08-06 06:50:46,554.003571423836
2012-08-06 06:50:56,554.7040656523251
2012-08-06 06:51:05,555.4045598808142
2012-08-06 06:51:16,556.1050541092786
2012-08-06 06:51:25,556.8055483377677
2012-08-06 06:51:36,557.5060425662502
2012-08-06 06:51:46,558.2065367947393
2012-08-06 06:51:55,558.9070310232285
2012-08-06 06:52:06,559.6075252516929
2012-08-06 06:52:15,560.308019480182
2012-08-06 06:52:26,561.0085137086711
2012-08-06 06:52:36,561.7090079371355
2012-08-06 06:52:45,562.4095021656246
2012-08-06 06:52:56,563.1099963941138
2012-08-06 06:53:05,563.8104906226029
2012-08-06 06:53:15,564.510984851092
2012-08-06 06:53:26,565.2114790795564
2012-08-06 06:53:35,565.9119733080455
2012-08-06 06:53:46,566.612467536528
2012-08-06 06:53:55,567.3129617649925
2012-08-06 06:54:05,568.0134559934816
2012-08-06 06:54:16,568.7139502219707
2012-08-06 06:54:25,569.4144444504598
2012-08-06 06:54:36,570.1149386789489
2012-08-06 06:54:46,570.8154329074133
2012-08-06 06:54:55,571.5159271359024
2012-08-06 06:55:06,572.8686059746681
2012-08-06 06:55:15,573.3691809757298
2012-08-06 06:55:26,573.8697559767955
2012-08-06 06:55:36,574.3703309778573
2012-08-06 06:55:45,574.8709059789672
2012-08-06 06:55:56,575.371480980029
2012-08-06 06:56:05,575.8720559810947
2012-08-06 06:56:16,576.3726309821565
2012-08-06 06:56:26,578.0107205833638
2012-08-06 06:56:35,579.8359809043557
2012-08-06 06:56:46,580.2788214721436
2012-08-06 06:56:55,580.7886921041379
2012-08-06 06:57:06,582.0089283136867
2012-08-06 06:57:16,583.8603224599239
2012-08-06 06:57:25,585.0960255120432
2012-08-06 06:57:36,585.6309146065105
2012-08-06 06:57:45,586.3666771070156
2012-08-06 06:57:55,587.1024396075713
2012-08-06 06:58:06,587.8382021080764
2012-08-06 06:58:15,588.5739646086322
2012-08-06 06:58:26,589.3097271091373
2012-08-06 06:58:35,591.0387915662035
2012-08-06 06:58:45,591.6155016086211
2012-08-06 06:58:56,591.8692619338965
2012-08-06 06:59:05,592.2279861751648
2012-08-06 06:59:16,592.586710416429
2012-08-06 06:59:26,592.9454346576489
2012-08-06 06:59:35,593.3041588989131
2012-08-06 06:59:46,593.6628831401814
2012-08-06 06:59:55,594.3325073172567
2012-08-06 07:00:06,595.0021314942959
2012-08-06 07:00:16,595.6717556713712
2012-08-06 07:00:25,596.4679441451439
2012-08-06 07:00:36,596.8576964770597
2012-08-06 07:00:45,597.2474488090337
2012-08-06 07:00:56,597.6724511778244
2012-08-06 07:01:06,598.0974535466079
2012-08-06 07:01:15,598.5224559153986
2012-08-06 07:01:26,599.2877891451373
2012-08-06 07:01:35,600.0531223748759
2012-08-06 07:01:45,600.4156631948817
2012-08-06 07:01:56,604.5265657243481
2012-08-06 07:02:05,608.637468253818
2012-08-06 07:02:16,612.7483707833347
2012-08-06 07:02:25,616.8592733128011
2012-08-06 07:02:35,617.4531297781585
2012-08-06 07:02:46,617.6614910406144
2012-08-06 07:02:55,617.8698523031277
2012-08-06 07:03:06,618.0782135655846
2012-08-06 07:03:15,618.2865748280404
2012-08-06 07:03:25,618.4949360905538
2012-08-06 07:03:36,618.7032973530096
2012-08-06 07:03:45,619.4583444795394
2012-08-06 07:03:56,619.7258888062212
2012-08-06 07:04:06,620.932024505439
2012-08-06 07:04:15,621.9524146813981
2012-08-06 07:04:26,622.4650632593052
2012-08-06 07:04:35,622.5830843362164
2012-08-06 07:04:46,623.1651494745776
2012-08-06 07:04:56,624.3388656127449
2012-08-06 07:05:05,625.5228527237456
2012-08-06 07:05:16,626.8787971714006
2012-08-06 07:05:25,627.7258433072976
2012-08-06 07:05:36,627.9646893784512
2012-08-06 07:05:46,628.3487330993132
2012-08-06 07:05:55,630.8637765422359
2012-08-06 07:06:06,633.3788199851585
2012-08-06 07:06:15,635.8938634281226
2012-08-06 07:06:25,638.4089068710452
2012-08-06 07:06:36,643.0224251248193
2012-08-06 07:06:45,643.8189383572563
2012-08-06 07:06:56,647.5580506273269
2012-08-06 07:07:05,658.8298766160988
2012-08-06 07:07:15,663.6660457388127
2012-08-06 07:07:26,665.5104360400435
2012-08-06 07:07:35,667.5207765199771
2012-08-06 07:07:46,670.6534455101506
2012-08-06 07:07:55,671.7840600294777
2012-08-06 07:08:05,672.9146745488048
2012-08-06 07:08:16,674.7334836650112
2012-08-06 07:08:25,675.3847926011649
2012-08-06 07:08:36,676.483401884343
2012-08-06 07:08:46,677.2709379275525
2012-08-06 07:08:55,677.4046226913176
2012-08-06 07:09:06,678.1014074162024
2012-08-06 07:09:15,678.5574139544998
2012-08-06 07:09:26,681.8545965199422
2012-08-06 07:09:36,690.1798083544654
2012-08-06 07:09:45,694.6163588349466
2012-08-06 07:09:56,699.0529093154278
2012-08-06 07:10:05,709.415878117365
2012-08-06 07:10:16,712.5313169766491
2012-08-06 07:10:26,712.8981185733521
2012-08-06 07:10:35,714.267860623023
2012-08-06 07:10:46,715.1475935041594
2012-08-06 07:10:55,715.6484125720932
2012-08-06 07:11:05,716.7455440097712
2012-08-06 07:11:16,718.1728096692702
2012-08-06 07:11:25,718.7205261141073
2012-08-06 07:11:36,719.1660185229468
2012-08-06 07:11:45,719.6384733893841
2012-08-06 07:11:55,720.8743895563697
2012-08-06 07:12:06,721.358715988851
2012-08-06 07:12:15,721.8700261407088
2012-08-06 07:12:26,723.3261880685145
2012-08-06 07:12:35,723.7124340253685
2012-08-06 07:12:45,724.9914078931785
2012-08-06 07:12:56,725.0831907271527
2012-08-06 07:13:05,726.0964970023864
2012-08-06 07:13:16,727.0736622662747
2012-08-06 07:13:26,734.1254543012435
2012-08-06 07:13:35,734.6544415158692
2012-08-06 07:13:46,734.908233906162
2012-08-06 07:13:55,735.4667462823202
2012-08-06 07:14:06,736.1048820320733
2012-08-06 07:14:16,736.1647889743871
2012-08-06 07:14:25,736.3443116350143
2012-08-06 07:14:36,736.9666256569677
2012-08-06 07:14:45,737.0865094145454
2012-08-06 07:14:56,737.2599635022484
2012-08-06 07:15:06,737.4273564370344
2012-08-06 07:15:15,737.7962954142743
2012-08-06 07:15:26,738.204754471962
2012-08-06 07:15:35,738.8612280465697
2012-08-06 07:15:45,739.2167844248203
2012-08-06 07:15:56,739.3870684185343
2012-08-06 07:16:05,740.4634963749697
2012-08-06 07:16:16,741.2587296655516
2012-08-06 07:16:25,741.3233369483202
2012-08-06 07:16:35,741.9231841599495
2012-08-06 07:16:46,745.3893233151418
2012-08-06 07:16:55,745.4805653358608
2012-08-06 07:17:06,746.239256373313
2012-08-06 07:17:16,746.4525902052972
2012-08-06 07:17:25,752.6286104767089
2012-08-06 07:17:36,755.0132738033157
2012-08-06 07:17:45,763.6636964496543
2012-08-06 07:17:56,771.1008870027999
2012-08-06 07:18:06,777.9681599694252
2012-08-06 07:18:15,785.8059563672908
2012-08-06 07:18:26,800.4539943680995
2012-08-06 07:18:35,813.7826471953732
2012-08-06 07:18:46,826.8854231518897
2012-08-06 07:18:56,838.3689865219268
2012-08-06 07:19:05,847.3825090588665
2012-08-06 07:19:16,855.8527340879486
2012-08-06 07:19:25,865.8555769046147
2012-08-06 07:19:36,875.1645906309656
2012-08-06 07:19:46,883.7965292474681
2012-08-06 07:19:55,891.1231498716016
2012-08-06 07:20:06,899.6789710901154
2012-08-06 07:20:15,907.4284390615569
2012-08-06 07:20:25,914.7501280489796
2012-08-06 07:20:36,923.0192214976825
2012-08-06 07:20:45,931.4292680468403
2012-08-06 07:20:56,940.092372648019
2012-08-06 07:21:05,949.5625712176449
2012-08-06 07:21:15,959.147199541504
2012-08-06 07:21:26,968.5512736006651
2012-08-06 07:21:35,971.2349782179476
2012-08-06 07:21:46,971.9762514444507
2012-08-06 07:21:56,974.1611357733342
2012-08-06 07:22:05,982.1964865426535
2012-08-06 07:22:16,992.9259228574996
2012-08-06 07:22:25,1003.9749210656948
2012-08-06 07:22:36,1007.8699542856898
2012-08-06 07:22:46,1018.9711970746804
2012-08-06 07:22:55,1024.776153314379
2012-08-06 07:23:06,1037.6302596227445
2012-08-06 07:23:15,1054.334820553031
2012-08-06 07:23:26,1072.4273917164633
2012-08-06 07:23:36,1074.3568630655952
2012-08-06 07:23:45,1074.6938203015093
2012-08-06 07:23:56,1075.1510712048428
2012-08-06 07:24:05,1075.9815538030693
2012-08-06 07:24:15,1079.0019681047052
2012-08-06 07:24:26,1079.305742762662
2012-08-06 07:24:35,1079.5620790032
2012-08-06 07:24:46,1079.7625031452358
2012-08-06 07:24:55,1080.6272897367562
2012-08-06 07:25:05,1080.8892901567056
2012-08-06 07:25:16,1081.2298585156157
2012-08-06 07:25:25,1081.508080148532
2012-08-06 07:25:36,1082.6630951621087
2012-08-06 07:25:45,1082.9540928485726
2012-08-06 07:25:55,1090.1646092619305
2012-08-06 07:26:06,1096.378778037501
2012-08-06 07:26:15,1100.1705617164528
2012-08-06 07:26:26,1101.666309462279
2012-08-06 07:26:36,1103.3400736894087
2012-08-06 07:26:45,1104.1665763507915
2012-08-06 07:26:56,1104.8040012594086
2012-08-06 07:27:05,1105.1020871057733
2012-08-06 07:27:16,1105.7879635082622
2012-08-06 07:27:26,1106.49698830902
2012-08-06 07:27:35,1107.0321660870845
2012-08-06 07:27:46,1107.443815531079
2012-08-06 07:27:55,1107.7973831112924
2012-08-06 07:28:06,1108.0085081172767
2012-08-06 07:28:16,1115.5594527861128
2012-08-06 07:28:25,1120.768397877071
2012-08-06 07:28:36,1122.048548077511
2012-08-06 07:28:45,1123.062044966054
2012-08-06 07:28:55,1133.5008660127928
2012-08-06 07:29:06,1140.9546130842616
2012-08-06 07:29:15,1141.2057407250552
2012-08-06 07:29:26,1141.6826781188647
2012-08-06 07:29:35,1142.1596155126742
2012-08-06 07:29:45,1142.3663396731715
2012-08-06 07:29:56,1142.4118040113412
2012-08-06 07:30:05,1142.4572683495167
2012-08-06 07:30:16,1142.502732687692
2012-08-06 07:30:25,1142.5481970258618
2012-08-06 07:30:35,1142.9091668729702
2012-08-06 07:30:46,1143.1981000231292
2012-08-06 07:30:55,1144.120843178659
2012-08-06 07:31:06,1144.4651199481289
2012-08-06 07:31:16,1145.1714503524126
2012-08-06 07:31:25,1145.2499220582758
2012-08-06 07:31:36,1146.0898210587848
2012-08-06 07:31:45,1146.9297200592937
2012-08-06 07:31:56,1150.7550671078652
2012-08-06 07:32:06,1154.5804141564909
2012-08-06 07:32:15,1158.4057612050624
2012-08-06 07:32:26,1158.6650064991413
2012-08-06 07:32:35,1159.3261627180677
2012-08-06 07:32:46,1159.9873189370383
2012-08-06 07:32:56,1161.153284741932
2012-08-06 07:33:05,1161.6503330558771
2012-08-06 07:33:16,1162.455320961179
2012-08-06 07:33:25,1162.82541910287
2012-08-06 07:33:35,1163.277682524595
2012-08-06 07:33:46,1164.2546639761765
2012-08-06 07:33:55,1164.5881516768045
2012-08-06 07:34:06,1164.9697391255747
2012-08-06 07:34:15,1165.351326574345
2012-08-06 07:34:25,1166.1249293977774
2012-08-06 07:34:36,1166.2818728181435
2012-08-06 07:34:45,1166.6521253143533
2012-08-06 07:34:56,1167.022377810563
2012-08-06 07:35:05,1167.3926303067728
2012-08-06 07:35:15,1167.7385133602318
2012-08-06 07:35:26,1167.8929397290508
2012-08-06 07:35:35,1168.2598454523036
2012-08-06 07:35:46,1169.0322591088611
2012-08-06 07:35:56,1169.804672765421
2012-08-06 07:36:05,1175.9878230198512
2012-08-06 07:36:16,1183.1650359164778
2012-08-06 07:36:25,1195.3337987207371
2012-08-06 07:36:36,1207.0113489480948
2012-08-06 07:36:46,1218.6888991754433
2012-08-06 07:36:55,1219.328598059829
2012-08-06 07:37:06,1220.8421603189456
2012-08-06 07:37:15,1240.001661257952
2012-08-06 07:37:26,1240.889007813931
2012-08-06 07:37:36,1250.5047913639357
2012-08-06 07:37:45,1252.4137721730212
2012-08-06 07:37:56,1253.24311580568
2012-08-06 07:38:05,1254.1048285137779
2012-08-06 07:38:15,1254.5062193187482
2012-08-06 07:38:26,1254.7644769107783
2012-08-06 07:38:35,1255.2643358607327
2012-08-06 07:38:46,1255.780437139048
2012-08-06 07:38:55,1256.1559857914356
2012-08-06 07:39:05,1256.5315344438136
2012-08-06 07:39:16,1257.4711676509557
2012-08-06 07:39:25,1258.0133626325592
2012-08-06 07:39:36,1258.2579182761149
2012-08-06 07:39:46,1258.5399761131255
2012-08-06 07:39:55,1258.6076935282229
2012-08-06 07:40:06,1258.9405830842766
2012-08-06 07:40:15,1259.4694144644834
2012-08-06 07:40:26,1259.888319593175
2012-08-06 07:40:36,1260.3687300600163
2012-08-06 07:40:45,1260.8878034579272
2012-08-06 07:40:56,1261.2720401328913
2012-08-06 07:41:05,1262.3628933003051
2012-08-06 07:41:16,1262.5624354727386
2012-08-06 07:41:26,1263.2554608645528
2012-08-06 07:41:35,1263.346703019463
2012-08-06 07:41:46,1263.9873754909183
2012-08-06 07:41:55,1264.1250499246316
2012-08-06 07:42:06,1265.0031129757547
2012-08-06 07:42:16,1266.2670856017533
2012-08-06 07:42:25,1266.6790686431411
2012-08-06 07:42:36,1267.165741257116
2012-08-06 07:42:45,1267.9510351887889
2012-08-06 07:42:55,1268.39794527444
2012-08-06 07:43:06,1268.6783959460734
2012-08-06 07:43:15,1269.0494514187762
2012-08-06 07:43:26,1269.275097688454
2012-08-06 07:43:35,1270.4129582385954
2012-08-06 07:43:45,1270.9771855399556
2012-08-06 07:43:56,1272.6163366333094
2012-08-06 07:44:05,1273.0919791919177
2012-08-06 07:44:16,1273.0919791919177
2012-08-06 07:44:26,1273.3196298806233
2012-08-06 07:44:35,1273.8269213624953
2012-08-06 07:44:46,1274.0382446774154
2012-08-06 07:44:55,1274.396527852756
2012-08-06 07:45:06,1275.2728334840913
2012-08-06 07:45:16,1275.9646731134098
2012-08-06 07:45:25,1276.4650691162612
2012-08-06 07:45:36,1277.5745721847225
2012-08-06 07:45:45,1278.6061619855775
2012-08-06 07:45:56,1279.0490033323088
2012-08-06 07:46:06,1280.7449474931618
2012-08-06 07:46:15,1280.9990822452369
2012-08-06 07:46:26,1281.0238472693343
2012-08-06 07:46:35,1281.5792461027065
2012-08-06 07:46:45,1282.072103663442
2012-08-06 07:46:56,1282.5877233612853
2012-08-06 07:47:05,1283.3497351002384
2012-08-06 07:47:16,1283.7530175219372
2012-08-06 07:47:25,1284.11605002564
2012-08-06 07:47:35,1284.8442117807954
2012-08-06 07:47:46,1285.2563432587071
2012-08-06 07:47:55,1286.0275875019465
2012-08-06 07:48:06,1286.3742006617476
2012-08-06 07:48:15,1286.8963602701215
2012-08-06 07:48:25,1287.8182648036004
2012-08-06 07:48:36,1289.162460599157
2012-08-06 07:48:45,1289.630074294379
2012-08-06 07:48:56,1290.5601886301329
2012-08-06 07:49:06,1291.6932078991792
2012-08-06 07:49:15,1291.8922942091897
2012-08-06 07:49:26,1292.0436550185639
2012-08-06 07:49:35,1292.2280985295695
2012-08-06 07:49:46,1297.491633712212
2012-08-06 07:49:56,1302.9322805903378
2012-08-06 07:50:05,1305.4302739353116
2012-08-06 07:50:16,1306.4956994602946
2012-08-06 07:50:25,1312.364934932944
2012-08-06 07:50:36,1320.1385783069902
2012-08-06 07:50:46,1338.0387842625546
2012-08-06 07:50:55,1339.420373330408
2012-08-06 07:51:06,1340.2137157029254
2012-08-06 07:51:15,1340.741137154257
2012-08-06 07:51:25,1341.261819091538
2012-08-06 07:51:36,1341.7825010288038
2012-08-06 07:51:45,1343.6905220786089
2012-08-06 07:51:56,1351.3438138563454
2012-08-06 07:52:05,1355.161282987691
2012-08-06 07:52:15,1357.6732902096965
2012-08-06 07:52:26,1366.085301307894
2012-08-06 07:52:35,1373.938390409549
2012-08-06 07:52:46,1377.2360924219777
2012-08-06 07:52:55,1382.9886938544962
2012-08-06 07:53:05,1390.625762017921
2012-08-06 07:53:16,1397.4953421123093
2012-08-06 07:53:25,1402.2546579573002
2012-08-06 07:53:36,1410.9876095957743
2012-08-06 07:53:46,1419.400621531719
2012-08-06 07:53:55,1425.7153584988228
2012-08-06 07:54:06,1427.572880881851
2012-08-06 07:54:15,1428.0836026133186
2012-08-06 07:54:26,1428.594324344779
2012-08-06 07:54:36,1428.8117205643637
2012-08-06 07:54:45,1429.3797756064725
2012-08-06 07:54:56,1429.814474737657
2012-08-06 07:55:05,1430.0425831085101
2012-08-06 07:55:16,1431.7864324043633
2012-08-06 07:55:26,1433.5302817001846
2012-08-06 07:55:35,1438.0280922812956
2012-08-06 07:55:46,1439.1203345778295
2012-08-06 07:55:55,1439.3324059185645
2012-08-06 07:56:05,1444.499116958775
2012-08-06 07:56:16,1448.9486203230535
2012-08-06 07:56:25,1449.3357325077227
2012-08-06 07:56:36,1449.3638395696998
2012-08-06 07:56:45,1449.391946631677
2012-08-06 07:56:55,1449.4200536936542
2012-08-06 07:57:06,1449.5092343203723
2012-08-06 07:57:15,1450.639872671618
2012-08-06 07:57:26,1455.29586654113
2012-08-06 07:57:35,1460.544383036098
2012-08-06 07:57:45,1465.7928995310922
2012-08-06 07:57:56,1471.0414160260602
2012-08-06 07:58:05,1472.4043414964015
2012-08-06 07:58:16,1472.4853624359803
2012-08-06 07:58:26,1472.5663833756153
2012-08-06 07:58:35,1473.9920460778744
2012-08-06 07:58:46,1474.932439454757
2012-08-06 07:58:55,1475.3221054156327
2012-08-06 07:59:06,1478.137814508979
2012-08-06 07:59:16,1480.953523602292
2012-08-06 07:59:25,1483.7692326956385
2012-08-06 07:59:36,1484.248075202046
2012-08-06 07:59:45,1484.4418973041402
2012-08-06 07:59:56,1484.6642224133193
2012-08-06 08:00:06,1484.7098434852362
2012-08-06 08:00:15,1485.0054732285676
2012-08-06 08:00:26,1485.1966103592058
2012-08-06 08:00:35,1485.3457987891425
2012-08-06 08:00:45,1485.6891281901433
2012-08-06 08:00:56,1492.189974310118
2012-08-06 08:01:05,1499.261407717388
2012-08-06 08:01:16,1507.7889586672163
2012-08-06 08:01:25,1512.7816992894745
2012-08-06 08:01:35,1520.665892880629
2012-08-06 08:01:46,1521.5715482861463
2012-08-06 08:01:55,1522.1888152461183
2012-08-06 08:02:06,1522.2785766817747
2012-08-06 08:02:16,1522.5147473849468
2012-08-06 08:02:25,1530.0483070231614
2012-08-06 08:02:36,1537.581866661361
2012-08-06 08:02:45,1544.305555238107
2012-08-06 08:02:56,1545.2769234517243
2012-08-06 08:03:06,1546.2482916653453
2012-08-06 08:03:15,1548.1324338095965
2012-08-06 08:03:26,1551.4264246876353
2012-08-06 08:03:35,1551.7342981662855
2012-08-06 08:03:46,1560.132409613999
2012-08-06 08:03:56,1561.805237324244
2012-08-06 08:04:05,1562.9099931443516
2012-08-06 08:04:16,1564.5265241654497
2012-08-06 08:04:25,1566.143055186553
2012-08-06 08:04:36,1573.0325872088702
2012-08-06 08:04:46,1573.5590319589542
2012-08-06 08:04:55,1574.5267277821663
2012-08-06 08:05:06,1575.0715583629064
2012-08-06 08:05:15,1578.4672506449494
2012-08-06 08:05:25,1582.8626012633433
2012-08-06 08:05:36,1585.6820790339189
2012-08-06 08:05:45,1591.550273084644
2012-08-06 08:05:56,1598.5816295187751
2012-08-06 08:06:05,1604.5582987246696
2012-08-06 08:06:15,1610.3598228077676
2012-08-06 08:06:26,1610.8245649848163
2012-08-06 08:06:35,1611.225305060225
2012-08-06 08:06:46,1611.6657602591363
2012-08-06 08:06:56,1611.783781527297
2012-08-06 08:07:05,1612.310025079418
2012-08-06 08:07:16,1621.7202782146271
2012-08-06 08:07:25,1624.9583109699847
2012-08-06 08:07:36,1625.721098893388
2012-08-06 08:07:46,1627.1387379831197
2012-08-06 08:07:55,1629.5024863107237
2012-08-06 08:08:06,1629.9361332491624
2012-08-06 08:08:15,1631.9220161402473
2012-08-06 08:08:26,1634.3642208759516
2012-08-06 08:08:36,1635.535654764751
2012-08-06 08:08:45,1636.4138262781917
2012-08-06 08:08:56,1637.1496491261335
2012-08-06 08:09:05,1638.029336557261
2012-08-06 08:09:15,1638.3722073999747
2012-08-06 08:09:26,1639.0453520597148
2012-08-06 08:09:35,1639.2997401050786
2012-08-06 08:09:46,1639.8617639498093
2012-08-06 08:09:55,1640.667248155555
2012-08-06 08:10:05,1642.120827853809
2012-08-06 08:10:16,1642.720089460563
2012-08-06 08:10:25,1643.9093151830484
2012-08-06 08:10:36,1644.8746682310796
2012-08-06 08:10:45,1645.3675257560542
2012-08-06 08:10:55,1646.081455827411
2012-08-06 08:11:06,1646.7218434707656
2012-08-06 08:11:15,1648.0355975932816
2012-08-06 08:11:26,1652.8651458086422
2012-08-06 08:11:36,1653.9428706849803
2012-08-06 08:11:45,1655.2246347801665
2012-08-06 08:11:56,1655.8111240905325
2012-08-06 08:12:05,1665.4228914065297
2012-08-06 08:12:16,1673.4057805702505
2012-08-06 08:12:26,1681.7112630384502
2012-08-06 08:12:35,1690.6115571501352
2012-08-06 08:12:46,1691.553674877261
2012-08-06 08:12:55,1693.8685030904626
2012-08-06 08:13:06,1695.6746420695563
2012-08-06 08:13:16,1696.0164907823762
2012-08-06 08:13:25,1696.2768996867055
2012-08-06 08:13:36,1696.9268625798322
2012-08-06 08:13:45,1698.1627803497952
2012-08-06 08:13:55,1698.5638351491607
2012-08-06 08:14:06,1698.7580859050029
2012-08-06 08:14:15,1699.419617698698
2012-08-06 08:14:26,1699.814941085419
2012-08-06 08:14:35,1700.2770919084585
2012-08-06 08:14:45,1700.6264108485318
2012-08-06 08:14:56,1701.7595352974035
2012-08-06 08:15:05,1701.830542185676
2012-08-06 08:15:16,1702.2716918159847
2012-08-06 08:15:25,1702.4691218897835
2012-08-06 08:15:35,1702.9738567691763
2012-08-06 08:15:46,1703.6257546768484
2012-08-06 08:15:55,1704.0476266200963
2012-08-06 08:16:06,1704.723985445662
2012-08-06 08:16:16,1705.5924899247866
2012-08-06 08:16:25,1706.4071105881033
2012-08-06 08:16:36,1706.7917544872894
2012-08-06 08:16:45,1707.148750012874
2012-08-06 08:16:56,1707.4558508800205
2012-08-06 08:17:06,1707.691265958765
2012-08-06 08:17:15,1707.7469393221718
2012-08-06 08:17:26,1707.900857407018
2012-08-06 08:17:35,1708.0700920865934
2012-08-06 08:17:46,1708.494202542599
2012-08-06 08:17:56,1711.285404254866
2012-08-06 08:18:05,1715.4489502393044
2012-08-06 08:18:16,1715.870327877267
2012-08-06 08:18:25,1716.277182845741
2012-08-06 08:18:35,1716.5743630984102
2012-08-06 08:18:46,1722.3806096055011
2012-08-06 08:18:55,1732.2033390311688
2012-08-06 08:19:06,1742.1991469049942
2012-08-06 08:19:15,1755.201345780098
2012-08-06 08:19:25,1756.6499094097978
2012-08-06 08:19:36,1757.7810733834897
2012-08-06 08:19:45,1762.99125989538
2012-08-06 08:19:56,1768.35262485459
2012-08-06 08:20:05,1768.8626435608837
2012-08-06 08:20:15,1769.421126722588
2012-08-06 08:20:26,1770.7838034942515
2012-08-06 08:20:35,1779.8382727531548
2012-08-06 08:20:46,1789.1359827265492
2012-08-06 08:20:56,1796.522601655623
2012-08-06 08:21:05,1802.2349918500129
2012-08-06 08:21:16,1810.1575538790605
2012-08-06 08:21:25,1813.347610295304
2012-08-06 08:21:36,1814.3580191036428
2012-08-06 08:21:46,1814.7373651406622
2012-08-06 08:21:55,1815.4025340898306
2012-08-06 08:22:06,1815.603263221904
2012-08-06 08:22:15,1815.8219306310107
2012-08-06 08:22:26,1816.2776076407374
2012-08-06 08:22:36,1816.6747604153343
2012-08-06 08:22:45,1817.8695845327245
2012-08-06 08:22:56,1823.9956964273536
2012-08-06 08:23:05,1830.7315356119764
2012-08-06 08:23:15,1834.5595212478752
2012-08-06 08:23:26,1835.4890449536329
2012-08-06 08:23:35,1838.3524962399395
2012-08-06 08:23:46,1838.5677136957167
2012-08-06 08:23:55,1840.4061939526073
2012-08-06 08:24:05,1840.588364044102
2012-08-06 08:24:16,1840.956548662272
2012-08-06 08:24:25,1841.6588177067906
2012-08-06 08:24:36,1844.7625856764992
2012-08-06 08:24:46,1847.7893621382668
2012-08-06 08:24:55,1848.5021280448761
2012-08-06 08:25:06,1848.9099665262804
2012-08-06 08:25:15,1849.8718859437154
2012-08-06 08:25:26,1853.7494827412104
2012-08-06 08:25:36,1855.437206522934
2012-08-06 08:25:45,1857.4818462777048
2012-08-06 08:25:56,1857.93514342167
2012-08-06 08:26:05,1859.977893713731
2012-08-06 08:26:16,1865.2089288231282
2012-08-06 08:26:26,1866.284028716415
2012-08-06 08:26:35,1866.9774496515408
2012-08-06 08:26:46,1867.6560031462989
2012-08-06 08:26:55,1870.8923676538832
2012-08-06 08:27:06,1875.9918371631102
2012-08-06 08:27:16,1876.7953685073937
2012-08-06 08:27:25,1877.7915044244182
2012-08-06 08:27:36,1881.5938403798418
2012-08-06 08:27:45,1882.222865237356
2012-08-06 08:27:55,1882.6106176706276
2012-08-06 08:28:06,1884.2718083286022
2012-08-06 08:28:15,1884.8314304985815
2012-08-06 08:28:26,1889.2015102075534
2012-08-06 08:28:35,1894.3550092720857
2012-08-06 08:28:45,1894.629824960666
2012-08-06 08:28:56,1894.8287429608454
2012-08-06 08:29:05,1895.3041669097213
2012-08-06 08:29:16,1895.9306466443834
2012-08-06 08:29:26,1896.3856399981753
2012-08-06 08:29:35,1898.1607825718854
2012-08-06 08:29:46,1898.2630447853805
2012-08-06 08:29:55,1898.3198062031636
2012-08-06 08:30:06,1899.8793560338145
2012-08-06 08:30:16,1901.368851518579
2012-08-06 08:30:25,1908.8196956344318
2012-08-06 08:30:36,1912.1593579970179
2012-08-06 08:30:45,1915.1847701670858
2012-08-06 08:30:56,1921.3522386312284
2012-08-06 08:31:06,1927.5003612223177
2012-08-06 08:31:15,1928.0091375574814
2012-08-06 08:31:26,1930.0428100214822
2012-08-06 08:31:35,1931.63580251898
2012-08-06 08:31:45,1931.7270447098042
2012-08-06 08:31:56,1931.8658446544787
2012-08-06 08:32:05,1932.2236960212533
2012-08-06 08:32:16,1932.50603455873
2012-08-06 08:32:25,1932.7864852987907
2012-08-06 08:32:35,1933.776034528919
2012-08-06 08:32:46,1935.8877998785313
2012-08-06 08:32:55,1942.0398837272771
2012-08-06 08:33:06,1949.201839830792
2012-08-06 08:33:15,1952.786771248851
2012-08-06 08:33:25,1953.0872632630196
2012-08-06 08:33:36,1953.488264233103
2012-08-06 08:33:45,1954.0422898935374
2012-08-06 08:33:56,1956.6828915756655
2012-08-06 08:34:06,1960.949371835545
2012-08-06 08:34:15,1962.4367457960768
2012-08-06 08:34:26,1963.3142766151484
2012-08-06 08:34:35,1963.5604232988735
2012-08-06 08:34:46,1964.0651584304492
2012-08-06 08:34:56,1965.7966313641643
2012-08-06 08:35:05,1971.5903047410386
2012-08-06 08:35:16,1976.770088998304
2012-08-06 08:35:25,1977.3840922782117
2012-08-06 08:35:36,1979.1100029066617
2012-08-06 08:35:46,1979.752635125361
2012-08-06 08:35:55,1980.1058976525312
2012-08-06 08:36:06,1980.4683600014262
2012-08-06 08:36:15,1981.414782743689
2012-08-06 08:36:25,1981.917352064156
2012-08-06 08:36:36,1982.6395676818904
2012-08-06 08:36:45,1983.4793875970997
2012-08-06 08:36:56,1983.8361103378654
2012-08-06 08:37:05,1984.206747248582
2012-08-06 08:37:15,1984.9318522903752
2012-08-06 08:37:26,1985.3375820584736
2012-08-06 08:37:35,1989.552151778144
2012-08-06 08:37:46,1994.5476199027153
2012-08-06 08:37:55,1995.5719679465035
2012-08-06 08:38:05,2000.0570957311938
2012-08-06 08:38:16,2001.0285791095023
2012-08-06 08:38:25,2001.390701731848
2012-08-06 08:38:36,2001.8565666558054
2012-08-06 08:38:46,2002.830384602178
2012-08-06 08:38:55,2003.9182688991557
2012-08-06 08:39:06,2004.351904793932
2012-08-06 08:39:15,2005.0875945574915
2012-08-06 08:39:26,2005.6444382922937
2012-08-06 08:39:36,2006.6142804669446
2012-08-06 08:39:45,2007.2578349161383
2012-08-06 08:39:56,2007.6684290809455
2012-08-06 08:40:05,2009.1716512474475
2012-08-06 08:40:16,2009.7507601141026
2012-08-06 08:40:26,2010.3001812950324
2012-08-06 08:40:35,2010.8762889583084
2012-08-06 08:40:46,2012.490669569195
2012-08-06 08:40:55,2013.0873662384965
2012-08-06 08:41:05,2013.0984265929842
2012-08-06 08:41:16,2013.1937878363383
2012-08-06 08:41:25,2013.4686034942172
2012-08-06 08:41:36,2013.634911017635
2012-08-06 08:41:45,2013.8510463017135
2012-08-06 08:41:55,2014.1310421896324
2012-08-06 08:42:06,2014.2465799475242
2012-08-06 08:42:15,2014.5178039073646
2012-08-06 08:42:26,2014.8613973288855
2012-08-06 08:42:35,2015.6296900934872
2012-08-06 08:42:45,2017.1804948937613
2012-08-06 08:42:56,2017.439614953544
2012-08-06 08:43:05,2017.9956976140575
2012-08-06 08:43:16,2018.9008850880773
2012-08-06 08:43:26,2028.3395180550046
2012-08-06 08:43:35,2042.638036336083
2012-08-06 08:43:46,2043.6585702422167
2012-08-06 08:43:55,2044.293893743051
2012-08-06 08:44:06,2044.531870549969
2012-08-06 08:44:16,2046.4199914688234
2012-08-06 08:44:25,2046.7914669940244
2012-08-06 08:44:36,2052.294008523616
2012-08-06 08:44:45,2053.146139817104
2012-08-06 08:44:56,2053.790714869719
2012-08-06 08:45:06,2054.0188234030093
2012-08-06 08:45:15,2060.0281186445513
2012-08-06 08:45:26,2064.0898695460182
2012-08-06 08:45:35,2070.571061937531
2012-08-06 08:45:45,2077.140632630524
2012-08-06 08:45:56,2081.2090990110237
2012-08-06 08:46:05,2081.5773175828394
2012-08-06 08:46:16,2085.2881463791946
2012-08-06 08:46:25,2085.9874396960467
2012-08-06 08:46:35,2086.3409111621
2012-08-06 08:46:46,2086.711944187655
2012-08-06 08:46:55,2087.1914800455484
2012-08-06 08:47:06,2087.86641430127
2012-08-06 08:47:16,2088.524278428704
2012-08-06 08:47:25,2088.7186693409503
2012-08-06 08:47:36,2089.2546642821717
2012-08-06 08:47:45,2089.5150733091114
2012-08-06 08:47:56,2090.1290765482695
2012-08-06 08:48:06,2090.788053856093
2012-08-06 08:48:15,2091.4440257123074
2012-08-06 08:48:26,2092.772210464201
2012-08-06 08:48:35,2093.034210961846
2012-08-06 08:48:46,2093.4998465113663
2012-08-06 08:48:56,2094.775044087664
2012-08-06 08:49:05,2095.3261885878856
2012-08-06 08:49:16,2095.571184991319
2012-08-06 08:49:25,2096.389726966749
2012-08-06 08:49:36,2099.5298955223147
2012-08-06 08:49:46,2102.529022157154
2012-08-06 08:49:55,2103.7059421495615
2012-08-06 08:50:06,2103.8257562057993
2012-08-06 08:50:15,2104.257224645421
2012-08-06 08:50:25,2104.5008070780286
2012-08-06 08:50:36,2104.645296442935
2012-08-06 08:50:45,2104.809845796899
2012-08-06 08:50:56,2105.3740731543226
2012-08-06 08:51:05,2105.5427156200703
2012-08-06 08:51:15,2106.0387212143505
2012-08-06 08:51:26,2107.9678377514774
2012-08-06 08:51:35,2108.8332407034973
2012-08-06 08:51:46,2109.8359108580103
2012-08-06 08:51:56,2110.3666681819795
2012-08-06 08:52:05,2111.0609357637873
2012-08-06 08:52:16,2111.480130572787
2012-08-06 08:52:25,2111.6867651283483
2012-08-06 08:52:36,2112.380764803488
2012-08-06 08:52:46,2113.221630417378
2012-08-06 08:52:55,2115.209201147672
2012-08-06 08:53:06,2117.196771877966
2012-08-06 08:53:15,2124.146721857522
2012-08-06 08:53:26,2126.176445746854
2012-08-06 08:53:36,2128.8127538474528
2012-08-06 08:53:45,2130.1974852732797
2012-08-06 08:53:56,2131.479711037719
2012-08-06 08:54:05,2132.0670119461984
2012-08-06 08:54:15,2132.2488693704436
2012-08-06 08:54:26,2132.803601774383
2012-08-06 08:54:35,2133.718477087029
2012-08-06 08:54:46,2134.237028761369
2012-08-06 08:54:55,2134.7091139989816
2012-08-06 08:55:05,2135.1820051874124
2012-08-06 08:55:16,2135.550853262341
2012-08-06 08:55:25,2136.059751438316
2012-08-06 08:55:36,2136.353451962396
2012-08-06 08:55:45,2136.700162437092
2012-08-06 08:55:55,2141.1284853568936
2012-08-06 08:56:06,2144.745931930375
2012-08-06 08:56:15,2148.317577423775
2012-08-06 08:56:26,2152.7387783471213
2012-08-06 08:56:36,2159.0153954334255
2012-08-06 08:56:45,2159.5967239761167
2012-08-06 08:56:56,2160.748931585462
2012-08-06 08:57:05,2161.919374816401
2012-08-06 08:57:16,2162.703957788066
2012-08-06 08:57:26,2163.488540759678
2012-08-06 08:57:35,2164.0773773376195
2012-08-06 08:57:46,2164.4356606210627
2012-08-06 08:57:55,2164.7939439044894
2012-08-06 08:58:06,2165.495777244904
2012-08-06 08:58:16,2166.075202849901
2012-08-06 08:58:25,2166.5135419616317
2012-08-06 08:58:36,2167.042529974311
2012-08-06 08:58:45,2167.4905953047023
2012-08-06 08:58:55,2167.6478670802176
2012-08-06 08:59:06,2167.8051388556837
2012-08-06 08:59:15,2168.055148547898
2012-08-06 08:59:26,2168.2753762098573
2012-08-06 08:59:35,2168.4956038718046
2012-08-06 08:59:45,2168.6762068367198
2012-08-06 08:59:56,2168.99362994002
2012-08-06 09:00:05,2169.1981409620716
2012-08-06 09:00:16,2169.5042782248975
2012-08-06 09:00:25,2169.8530615265026
2012-08-06 09:00:35,2170.201844828154
2012-08-06 09:00:46,2170.681146667716
2012-08-06 09:00:55,2170.7923092699093
2012-08-06 09:01:06,2171.0613122032364
2012-08-06 09:01:16,2171.330315136601
2012-08-06 09:01:25,2171.4505082940054
2012-08-06 09:01:36,2171.537130792711
2012-08-06 09:01:45,2171.6326993873618
2012-08-06 09:01:56,2173.5674626971795
2012-08-06 09:02:06,2174.4702596775955
2012-08-06 09:02:15,2174.672128973724
2012-08-06 09:02:26,2175.161958714223
2012-08-06 09:02:35,2175.207850193286
2012-08-06 09:02:46,2175.446696768672
2012-08-06 09:02:56,2175.6855536977814
2012-08-06 09:03:05,2175.9244106269466
2012-08-06 09:03:16,2176.2449257122644
2012-08-06 09:03:25,2176.544384451395
2012-08-06 09:03:35,2176.695483479033
2012-08-06 09:03:46,2176.8936037256544
2012-08-06 09:03:55,2177.5993924675863
2012-08-06 09:04:06,2177.6840098430876
2012-08-06 09:04:15,2177.7686272185815
2012-08-06 09:04:25,2177.9086251557014
2012-08-06 09:04:36,2177.9762790793125
2012-08-06 09:04:45,2178.0439330029294
2012-08-06 09:04:56,2178.392091437844
2012-08-06 09:05:05,2178.7253423692823
2012-08-06 09:05:15,2179.1490896808423
2012-08-06 09:05:26,2179.4874955571177
2012-08-06 09:05:35,2179.927070062722
2012-08-06 09:05:46,2180.4397728850076
2012-08-06 09:05:56,2180.6291130741956
2012-08-06 09:06:05,2180.9515980528154
2012-08-06 09:06:16,2181.376014817235
2012-08-06 09:06:25,2181.7987154835114
2012-08-06 09:06:36,2182.144452558592
2012-08-06 09:06:46,2182.675103853791
2012-08-06 09:06:55,2183.117945322578
2012-08-06 09:07:06,2183.6600170343095
2012-08-06 09:07:15,2183.981899319567
2012-08-06 09:07:26,2184.2112164868295
2012-08-06 09:07:36,2184.9640619916872
2012-08-06 09:07:45,2185.4580701690707
2012-08-06 09:07:56,2185.8177220358766
2012-08-06 09:08:05,2186.1711934733157
2012-08-06 09:08:15,2186.583176519812
2012-08-06 09:08:26,2186.8815280050894
2012-08-06 09:08:35,2187.087747006641
2012-08-06 09:08:46,2187.405457170731
2012-08-06 09:08:55,2187.937612304189
2012-08-06 09:09:05,2188.2071454405223
2012-08-06 09:09:16,2188.4003745258924
2012-08-06 09:09:25,2188.626020859781
2012-08-06 09:09:36,2188.816598516838
2012-08-06 09:09:46,2188.975146076
2012-08-06 09:09:55,2189.326495701227
2012-08-06 09:10:06,2189.7067223450654
2012-08-06 09:10:15,2190.267959620458
2012-08-06 09:10:26,2190.530131533639
2012-08-06 09:10:36,2190.709852604802
2012-08-06 09:10:45,2190.946023341184
2012-08-06 09:10:56,2191.411091684808
2012-08-06 09:11:05,2191.723658078301
2012-08-06 09:11:16,2192.1666323547797
2012-08-06 09:11:26,2192.370710744724
2012-08-06 09:11:35,2192.5259555225625
2012-08-06 09:11:46,2192.8255864245016
2012-08-06 09:11:55,2193.1014015753876
2012-08-06 09:12:06,2193.376217216109
2012-08-06 09:12:16,2194.084541192457
2012-08-06 09:12:25,2194.5946152063025
2012-08-06 09:12:36,2195.2241945486144
2012-08-06 09:12:45,2195.626240637595
2012-08-06 09:12:55,2196.405843120483
2012-08-06 09:13:06,2196.4517345997847
2012-08-06 09:13:15,2196.8529051315986
2012-08-06 09:13:26,2196.9865212539953
2012-08-06 09:13:35,2197.1449282908106
2012-08-06 09:13:45,2197.7227946534913
2012-08-06 09:13:56,2198.2332432495696
2012-08-06 09:14:05,2198.6908079034997
2012-08-06 09:14:16,2198.9367675427825
2012-08-06 09:14:26,2199.5724894949585
2012-08-06 09:14:35,2200.1789352579453
2012-08-06 09:14:46,2200.57773026556
2012-08-06 09:14:55,2201.2645478578324
2012-08-06 09:15:06,2201.513195312017
2012-08-06 09:15:16,2201.761842766883
2012-08-06 09:15:25,2202.138938872298
2012-08-06 09:15:36,2202.915901128504
2012-08-06 09:15:45,2203.204348163448
2012-08-06 09:15:56,2203.5025407181847
2012-08-06 09:16:06,2203.8668808765306
2012-08-06 09:16:15,2204.2989594702135
2012-08-06 09:16:26,2204.9707985244368
2012-08-06 09:16:35,2205.3322144738577
2012-08-06 09:16:45,2205.8428036360788
2012-08-06 09:16:56,2206.3691611298236
2012-08-06 09:17:05,2206.714688210359
2012-08-06 09:17:16,2206.9984228898998
2012-08-06 09:17:25,2207.2099817532953
2012-08-06 09:17:35,2207.878164530591
2012-08-06 09:17:46,2208.0538393444695
2012-08-06 09:17:55,2208.2955240115634
2012-08-06 09:18:06,2208.40904682387
2012-08-06 09:18:15,2208.5436263553584
2012-08-06 09:18:25,2209.242578914607
2012-08-06 09:18:36,2209.750100404665
2012-08-06 09:18:45,2210.141508911819
2012-08-06 09:18:56,2210.2312703597163
2012-08-06 09:19:06,2210.67789171333
2012-08-06 09:19:15,2211.129957959817
2012-08-06 09:19:26,2211.365790799822
2012-08-06 09:19:35,2211.749520504088
2012-08-06 09:19:46,2212.53924111499
2012-08-06 09:19:56,2212.727573254966
2012-08-06 09:20:05,2213.0565052973166
2012-08-06 09:20:16,2213.3580804229086
2012-08-06 09:20:25,2213.917564722904
2012-08-06 09:20:36,2214.334287980056
2012-08-06 09:20:46,2214.95514209003
2012-08-06 09:20:55,2215.3336409573153
2012-08-06 09:21:06,2215.9668214942517
2012-08-06 09:21:15,2216.3714666507503
2012-08-06 09:21:25,2217.4245175633414
2012-08-06 09:21:36,2218.9121412713953
2012-08-06 09:21:45,2219.8602030867005
2012-08-06 09:21:56,2220.26166134822
2012-08-06 09:22:05,2220.643667631892
2012-08-06 09:22:15,2221.048312780158
2012-08-06 09:22:26,2221.472277526901
2012-08-06 09:22:35,2221.7119056187225
2012-08-06 09:22:46,2221.995033158681
2012-08-06 09:22:55,2222.051444741554
2012-08-06 09:23:05,2222.2581689730946
2012-08-06 09:23:16,2223.0664132637703
2012-08-06 09:23:25,2225.264439867648
2012-08-06 09:23:36,2225.5658888638964
2012-08-06 09:23:46,2226.297074676571
2012-08-06 09:23:55,2226.3647920932863
2012-08-06 09:24:06,2226.8116730842485
2012-08-06 09:24:15,2227.159831519608
2012-08-06 09:24:26,2227.5329129027596
2012-08-06 09:24:36,2228.309683610992
2012-08-06 09:24:45,2228.5897565306764
2012-08-06 09:24:56,2228.745001309504
2012-08-06 09:25:05,2228.859459813837
2012-08-06 09:25:16,2229.5246898742234
2012-08-06 09:25:26,2230.312445463253
2012-08-06 09:25:35,2230.526245496487
2012-08-06 09:25:46,2233.543572210372
2012-08-06 09:25:55,2238.2138924851342
2012-08-06 09:26:05,2239.231993218615
2012-08-06 09:26:16,2241.7209058476205
2012-08-06 09:26:25,2243.4026409979183
2012-08-06 09:26:36,2244.4070791245667
2012-08-06 09:26:45,2245.095240889765
2012-08-06 09:26:55,2245.253071664023
2012-08-06 09:27:06,2245.410518831499
2012-08-06 09:27:15,2245.475330165381
2012-08-06 09:27:26,2245.7747889185307
2012-08-06 09:27:35,2246.2250928186595
2012-08-06 09:27:45,2246.547864142748
2012-08-06 09:27:56,2246.6814442088166
2012-08-06 09:28:05,2246.7270653020005
2012-08-06 09:28:16,2246.9467861420476
2012-08-06 09:28:26,2247.15810953114
2012-08-06 09:28:35,2247.5713997601338
2012-08-06 09:28:46,2247.881089686837
2012-08-06 09:28:55,2248.0712030196914
2012-08-06 09:29:06,2248.2689462608296
2012-08-06 09:29:16,2248.3927714214424
2012-08-06 09:29:25,2249.92594876885
2012-08-06 09:29:36,2255.823809068989
2012-08-06 09:29:45,2256.405804778046
2012-08-06 09:29:56,2256.492427281731
2012-08-06 09:30:06,2256.8151986064145
2012-08-06 09:30:15,2256.9911361565196
2012-08-06 09:30:26,2257.204936199861
2012-08-06 09:30:35,2257.500070328173
2012-08-06 09:30:45,2257.923332615891
2012-08-06 09:30:56,2258.1030536986696
2012-08-06 09:31:05,2258.4038933816682
2012-08-06 09:31:16,2258.989476894992
2012-08-06 09:31:25,2259.601884171606
2012-08-06 09:31:35,2264.527252528455
2012-08-06 09:31:46,2274.9009591200934
2012-08-06 09:31:55,2275.396048674512
2012-08-06 09:32:06,2275.855910087846
2012-08-06 09:32:16,2276.2247581460138
2012-08-06 09:32:25,2276.815487575813
2012-08-06 09:32:36,2277.2922938042366
2012-08-06 09:32:45,2278.028663029596
2012-08-06 09:32:56,2279.0035539693376
2012-08-06 09:33:06,2279.3736521530327
2012-08-06 09:33:15,2279.7987700384697
2012-08-06 09:33:26,2280.4620650125016
2012-08-06 09:33:35,2280.728446013331
2012-08-06 09:33:46,2280.87980684183
2012-08-06 09:33:56,2281.7492055549696
2012-08-06 09:34:05,2282.417821503823
2012-08-06 09:34:16,2282.750378604846
2012-08-06 09:34:25,2283.4720140039485
2012-08-06 09:34:36,2284.2446756327163
2012-08-06 09:34:46,2285.1625052948416
2012-08-06 09:34:55,2286.4905740575514
2012-08-06 09:35:06,2286.903891176539
2012-08-06 09:35:15,2287.246124350945
2012-08-06 09:35:25,2287.624145244436
2012-08-06 09:35:36,2287.8371660111457
2012-08-06 09:35:45,2288.4199598776213
2012-08-06 09:35:56,2291.7162465234046
2012-08-06 09:36:05,2292.738464547972
2012-08-06 09:36:15,2293.829526298282
2012-08-06 09:36:26,2298.404179189211
2012-08-06 09:36:35,2298.9330106435773
2012-08-06 09:36:46,2299.276340162417
2012-08-06 09:36:56,2299.525103015777
2012-08-06 09:37:05,2299.6790211778166
2012-08-06 09:37:16,2300.407203110427
2012-08-06 09:37:25,2307.580244848655
2012-08-06 09:37:36,2309.568786766759
2012-08-06 09:37:46,2310.7435328836486
2012-08-06 09:37:55,2311.1299476200857
2012-08-06 09:38:06,2311.361023155112
2012-08-06 09:38:15,2312.0684127902327
2012-08-06 09:38:26,2312.261782710997
2012-08-06 09:38:36,2312.9060203748672
2012-08-06 09:38:45,2313.297672083639
2012-08-06 09:38:56,2313.4763106970327
2012-08-06 09:39:05,2313.7274383945414
2012-08-06 09:39:15,2314.4577614544924
2012-08-06 09:39:26,2315.003333730259
2012-08-06 09:39:35,2316.0988183180357
2012-08-06 09:39:46,2316.2774569315898
2012-08-06 09:39:55,2316.3370741333956
2012-08-06 09:40:05,2316.7127784712725
2012-08-06 09:40:16,2316.8012613143355
2012-08-06 09:40:25,2316.9551794823024
2012-08-06 09:40:36,2317.386897893931
2012-08-06 09:40:45,2317.646026009856
2012-08-06 09:40:55,2317.9875330033387
2012-08-06 09:41:06,2318.1954468075996
2012-08-06 09:41:15,2318.7777289060487
2012-08-06 09:41:26,2319.029223499535
2012-08-06 09:41:36,2319.6096193491526
2012-08-06 09:41:45,2320.2122149391244
2012-08-06 09:41:56,2322.0780786690107
2012-08-06 09:42:05,2327.817831955033
2012-08-06 09:42:16,2333.6927851482787
2012-08-06 09:42:26,2340.242100394494
2012-08-06 09:42:35,2346.948206394176
2012-08-06 09:42:46,2350.5539974992116
2012-08-06 09:42:55,2351.096412242417
2012-08-06 09:43:06,2353.0237213034397
2012-08-06 09:43:16,2353.3422572171053
2012-08-06 09:43:25,2353.6079391680396
2012-08-06 09:43:36,2353.9704806603954
2012-08-06 09:43:45,2354.359348691824
2012-08-06 09:43:55,2354.708667809794
2012-08-06 09:44:06,2354.889375802879
2012-08-06 09:44:15,2355.103520954169
2012-08-06 09:44:26,2355.5462773708437
2012-08-06 09:44:35,2356.0113457642105
2012-08-06 09:44:45,2356.5540523805016
2012-08-06 09:44:56,2356.930716698035
2012-08-06 09:45:05,2357.2084061751316
2012-08-06 09:45:16,2357.4756384539123
2012-08-06 09:45:25,2357.6450616531292
2012-08-06 09:45:35,2358.0533185530535
2012-08-06 09:45:46,2358.204106132411
2012-08-06 09:45:55,2358.397335238763
2012-08-06 09:46:06,2358.81998203981
2012-08-06 09:46:16,2359.3550716492155
2012-08-06 09:46:25,2359.533710259128
2012-08-06 09:46:36,2359.98738962865
2012-08-06 09:46:45,2360.0767089341025
2012-08-06 09:46:56,2360.1722775399544
2012-08-06 09:47:06,2360.4560846037725
2012-08-06 09:47:15,2360.631345786422
2012-08-06 09:47:26,2360.7898933639867
2012-08-06 09:47:35,2360.91605966557
2012-08-06 09:47:46,2361.178060178233
2012-08-06 09:47:56,2361.3786454704245
2012-08-06 09:48:05,2362.0851705046675
2012-08-06 09:48:16,2362.336280050599
2012-08-06 09:48:25,2362.465494847397
2012-08-06 09:48:35,2362.921006445166
2012-08-06 09:48:46,2363.3420120132528
2012-08-06 09:48:55,2363.587621976067
2012-08-06 09:49:06,2363.8467420490724
2012-08-06 09:49:15,2364.634852744354
2012-08-06 09:49:25,2364.9793470945856
2012-08-06 09:49:36,2365.735787752658
2012-08-06 09:49:45,2366.3691629696473
2012-08-06 09:49:56,2366.7073332789214
2012-08-06 09:50:05,2366.8891907008106
2012-08-06 09:50:15,2367.347825091442
2012-08-06 09:50:26,2367.404586503973
2012-08-06 09:50:35,2368.8277732674683
2012-08-06 09:50:46,2369.5556566617574
2012-08-06 09:50:56,2370.2247920471664
2012-08-06 09:51:05,2370.7352328932807
2012-08-06 09:51:16,2370.9978159898483
2012-08-06 09:51:25,2371.3046026237635
2012-08-06 09:51:36,2371.8624065709723
2012-08-06 09:51:46,2372.3836892895483
2012-08-06 09:51:55,2372.7843453341166
2012-08-06 09:52:06,2372.9888563827117
2012-08-06 09:52:15,2373.4566436503233
2012-08-06 09:52:26,2374.2625418161747
2012-08-06 09:52:36,2374.783359891669
2012-08-06 09:52:45,2375.4658724078918
2012-08-06 09:52:56,2375.7779780952274
2012-08-06 09:53:05,2376.04513824223
2012-08-06 09:53:15,2377.2732920217395
2012-08-06 09:53:26,2378.3696816118872
2012-08-06 09:53:35,2380.362943415298
2012-08-06 09:53:46,2380.93187391054
2012-08-06 09:53:55,2386.723637376936
2012-08-06 09:54:05,2390.82031422203
2012-08-06 09:54:16,2394.916991067156
2012-08-06 09:54:25,2394.97229284457
2012-08-06 09:54:36,2395.1456480844417
2012-08-06 09:54:46,2395.4807416453427
2012-08-06 09:54:55,2395.693805625607
2012-08-06 09:55:06,2395.9275514358146
2012-08-06 09:55:15,2397.3565778965135
2012-08-06 09:55:26,2406.102034024343
2012-08-06 09:55:36,2414.2578966939805
2012-08-06 09:55:45,2421.2203431315165
2012-08-06 09:55:56,2427.6781766954255
2012-08-06 09:56:05,2429.71891794048
2012-08-06 09:56:16,2435.229440479524
2012-08-06 09:56:26,2441.7585747725966
2012-08-06 09:56:35,2447.5435247478467
2012-08-06 09:56:46,2450.7305162386615
2012-08-06 09:56:55,2454.4394418913785
2012-08-06 09:57:06,2457.752556199485
2012-08-06 09:57:16,2459.3677136643796
2012-08-06 09:57:25,2461.8217090715925
2012-08-06 09:57:36,2462.3274192491517
2012-08-06 09:57:45,2462.548626373882
2012-08-06 09:57:55,2463.0290370779444
2012-08-06 09:58:06,2465.6360426719216
2012-08-06 09:58:15,2468.2430482659083
2012-08-06 09:58:26,2474.489369226801
2012-08-06 09:58:35,2481.984800406615
2012-08-06 09:58:45,2485.1669584345063
2012-08-06 09:58:56,2490.400362854011
2012-08-06 09:59:05,2495.6337672735153
2012-08-06 09:59:16,2500.608783857955
2012-08-06 09:59:26,2509.8277704753677
2012-08-06 09:59:35,2519.046757092757
2012-08-06 09:59:46,2541.1637911501007
2012-08-06 09:59:55,2541.9265659723014
2012-08-06 10:00:06,2542.2732765494775
2012-08-06 10:00:16,2545.6562233376762
2012-08-06 10:00:25,2552.3739537717847
2012-08-06 10:00:36,2560.1931257647248
2012-08-06 10:00:45,2567.0272480666963
2012-08-06 10:00:56,2569.12449927399
2012-08-06 10:01:06,2570.1270623506684
2012-08-06 10:01:15,2570.9379299130455
2012-08-06 10:01:26,2571.261171803638
2012-08-06 10:01:35,2571.567309261868
2012-08-06 10:01:45,2571.7375935923287
2012-08-06 10:01:56,2574.0655072866434
2012-08-06 10:02:05,2575.244012805852
2012-08-06 10:02:16,2575.7680141118517
2012-08-06 10:02:25,2576.0865501879302
2012-08-06 10:02:35,2576.640908877234
2012-08-06 10:02:46,2577.1076052160465
2012-08-06 10:02:55,2577.7971185229108
2012-08-06 10:03:06,2578.8705511770354
2012-08-06 10:03:15,2579.400565270649
2012-08-06 10:03:25,2580.4340487175627
2012-08-06 10:03:36,2581.272747583345
2012-08-06 10:03:45,2582.679970786649
2012-08-06 10:03:56,2583.9741261543513
2012-08-06 10:04:06,2585.544782497885
2012-08-06 10:04:15,2586.725110860335
2012-08-06 10:04:26,2587.855318412558
2012-08-06 10:04:35,2588.9833970341174
2012-08-06 10:04:46,2589.110293483416
2012-08-06 10:04:56,2590.6624977986435
2012-08-06 10:05:05,2592.4123033675573
2012-08-06 10:05:16,2593.6090961912128
2012-08-06 10:05:25,2594.0627182266844
2012-08-06 10:05:36,2594.3398975681935
2012-08-06 10:05:46,2594.837953710835
2012-08-06 10:05:55,2595.6445191031785
2012-08-06 10:06:06,2596.664942310892
2012-08-06 10:06:15,2597.4089918030386
2012-08-06 10:06:25,2598.220801773282
2012-08-06 10:06:36,2598.5039294707994
2012-08-06 10:06:45,2599.72492774167
2012-08-06 10:06:56,2600.7031510267598
2012-08-06 10:07:05,2602.0261633151863
2012-08-06 10:07:15,2602.7734978443
2012-08-06 10:07:26,2603.725405503973
2012-08-06 10:07:35,2604.6101329262124
2012-08-06 10:07:46,2607.872842464352
2012-08-06 10:07:55,2612.828722708707
2012-08-06 10:08:05,2615.3524260434638
2012-08-06 10:08:16,2615.498857425544
2012-08-06 10:08:25,2620.7517338492316
2012-08-06 10:08:36,2622.114171447712
2012-08-06 10:08:46,2628.089831022561
2012-08-06 10:08:55,2631.436838072607
2012-08-06 10:09:06,2632.1336356386873
2012-08-06 10:09:15,2638.202142100698
2012-08-06 10:09:26,2641.5011333972257
2012-08-06 10:09:36,2643.058979286282
2012-08-06 10:09:45,2647.4644202575355
2012-08-06 10:09:56,2649.246042883941
2012-08-06 10:10:05,2649.3571227466805
2012-08-06 10:10:16,2650.2986262322347
2012-08-06 10:10:26,2650.7397763332474
2012-08-06 10:10:35,2652.210220617622
2012-08-06 10:10:46,2654.6260347569323
2012-08-06 10:10:55,2655.025908075976
2012-08-06 10:11:05,2655.367415268723
2012-08-06 10:11:16,2655.5486338711125
2012-08-06 10:11:25,2656.129562189108
2012-08-06 10:11:36,2656.632131811664
2012-08-06 10:11:45,2657.1036612546145
2012-08-06 10:11:55,2658.4163110705836
2012-08-06 10:12:06,2658.5307696675436
2012-08-06 10:12:15,2659.350116899461
2012-08-06 10:12:26,2660.479630197102
2012-08-06 10:12:35,2664.5007125448737
2012-08-06 10:12:45,2668.024034624049
2012-08-06 10:12:56,2668.9817206448247
2012-08-06 10:13:05,2669.1652867165926
2012-08-06 10:13:16,2670.1337657515364
2012-08-06 10:13:26,2672.3958752795165
2012-08-06 10:13:35,2676.5502115445593
2012-08-06 10:13:46,2678.192264222743
2012-08-06 10:13:55,2680.799974516774
2012-08-06 10:14:06,2682.414356430443
2012-08-06 10:14:16,2682.6075856480943
2012-08-06 10:14:25,2687.950996363417
2012-08-06 10:14:36,2693.2944070787876
2012-08-06 10:14:45,2698.63781779411
2012-08-06 10:14:56,2699.346843414204
2012-08-06 10:15:06,2700.1180058924524
2012-08-06 10:15:15,2701.45873831788
2012-08-06 10:15:26,2702.398947355225
2012-08-06 10:15:35,2703.919502952604
2012-08-06 10:15:45,2704.545941381273
2012-08-06 10:15:56,2705.0524862600732
2012-08-06 10:16:05,2705.4685322259234
2012-08-06 10:16:16,2705.814059599072
2012-08-06 10:16:25,2708.1139547180724
2012-08-06 10:16:35,2713.1825169434824
2012-08-06 10:16:46,2716.4201900275166
2012-08-06 10:16:55,2717.065842935554
2012-08-06 10:17:06,2717.7850601661485
2012-08-06 10:17:16,2718.873489466272
2012-08-06 10:17:25,2719.6969869515783
2012-08-06 10:17:36,2721.17179268682
2012-08-06 10:17:45,2723.1678293119967
2012-08-06 10:17:56,2724.276445351816
2012-08-06 10:18:06,2724.8997095229834
2012-08-06 10:18:15,2725.6994562930895
2012-08-06 10:18:26,2727.2659821499956
2012-08-06 10:18:35,2730.17838960516
2012-08-06 10:18:46,2731.7706560302368
2012-08-06 10:18:56,2732.3350238117305
2012-08-06 10:19:05,2732.692301296487
2012-08-06 10:19:16,2733.2853759523846
2012-08-06 10:19:25,2733.7731769935817
2012-08-06 10:19:36,2738.873659523651
2012-08-06 10:19:46,2742.2413094396816
2012-08-06 10:19:55,2744.0507360064735
2012-08-06 10:20:06,2745.522884888969
2012-08-06 10:20:15,2745.913363305828
2012-08-06 10:20:25,2746.568140980713
2012-08-06 10:20:36,2746.7811619081754
2012-08-06 10:20:45,2747.2376551198613
2012-08-06 10:20:56,2747.4952330069996
2012-08-06 10:21:05,2747.856439239719
2012-08-06 10:21:15,2748.2730290368854
2012-08-06 10:21:26,2749.422831702126
2012-08-06 10:21:35,2750.735926972008
2012-08-06 10:21:46,2755.797481684753
2012-08-06 10:21:56,2761.372761914905
2012-08-06 10:22:05,2762.353572841441
2012-08-06 10:22:16,2767.2895077115563
2012-08-06 10:22:25,2768.757161934016
2012-08-06 10:22:36,2769.2679290794517
2012-08-06 10:22:46,2772.8024071617465
2012-08-06 10:22:55,2776.14490459014
2012-08-06 10:23:06,2779.4874020185334
2012-08-06 10:23:15,2780.756932586175
2012-08-06 10:23:26,2786.353931775947
2012-08-06 10:23:36,2791.271612956515
2012-08-06 10:23:45,2792.1070573441625
2012-08-06 10:23:56,2792.6993483231217
2012-08-06 10:24:05,2795.166018908778
2012-08-06 10:24:15,2795.683339926511
2012-08-06 10:24:26,2796.126181752532
2012-08-06 10:24:35,2796.505528167062
2012-08-06 10:24:46,2796.8248760589063
2012-08-06 10:24:55,2800.4567906601283
2012-08-06 10:25:05,2801.024260470243
2012-08-06 10:25:16,2801.7599507913246
2012-08-06 10:25:25,2806.210119318606
2012-08-06 10:25:36,2810.3046340963265
2012-08-06 10:25:45,2814.8656973604297
2012-08-06 10:25:55,2816.4180125620537
2012-08-06 10:26:06,2818.2279084891593
2012-08-06 10:26:15,2820.037804416231
2012-08-06 10:26:26,2820.5035391161296
2012-08-06 10:26:36,2823.8668131996014
2012-08-06 10:26:45,2828.1526974828807
2012-08-06 10:26:56,2828.490223202868
2012-08-06 10:27:05,2828.8277489228594
2012-08-06 10:27:16,2833.8254384546544
2012-08-06 10:27:26,2834.303131979249
2012-08-06 10:27:35,2835.8134243374616
2012-08-06 10:27:46,2835.997516805073
2012-08-06 10:27:55,2837.0055977742527
2012-08-06 10:28:06,2837.8553683925365
2012-08-06 10:28:16,2838.3624181854316
2012-08-06 10:28:25,2838.8694679783316
2012-08-06 10:28:36,2839.3765177712266
2012-08-06 10:28:45,2839.922037957409
2012-08-06 10:28:55,2845.6060870711685
2012-08-06 10:29:06,2847.9884137242043
2012-08-06 10:29:15,2849.1854731076673
2012-08-06 10:29:26,2856.9638678276187
2012-08-06 10:29:35,2864.7403766111456
2012-08-06 10:29:45,2872.430549092655
2012-08-06 10:29:56,2875.032842958534
2012-08-06 10:30:05,2876.289504510901
2012-08-06 10:30:16,2879.3108264462003
2012-08-06 10:30:25,2884.300813988462
2012-08-06 10:30:35,2885.854723561645
2012-08-06 10:30:46,2886.130072721013
2012-08-06 10:30:55,2886.532950715019
2012-08-06 10:31:06,2887.9035666133227
2012-08-06 10:31:16,2888.9322316248927
2012-08-06 10:31:25,2890.5197805191815
2012-08-06 10:31:36,2892.2426596821297
2012-08-06 10:31:45,2893.2869034776495
2012-08-06 10:31:56,2894.652862359819
2012-08-06 10:32:06,2895.210036063875
2012-08-06 10:32:15,2895.8027600456385
2012-08-06 10:32:26,2896.070305086597
2012-08-06 10:32:35,2897.2466036423557
2012-08-06 10:32:46,2902.580943333729
2012-08-06 10:32:56,2903.3735228877526
2012-08-06 10:33:05,2906.2735746299436
2012-08-06 10:33:16,2907.0055226999402
2012-08-06 10:33:25,2909.295657612806
2012-08-06 10:33:35,2911.2034812371694
2012-08-06 10:33:46,2918.166292322495
2012-08-06 10:33:55,2919.2594760132365
2012-08-06 10:34:06,2920.3526597040186
2012-08-06 10:34:15,2920.7089697430033
2012-08-06 10:34:25,2921.376608220726
2012-08-06 10:34:36,2922.044246698443
2012-08-06 10:34:45,2923.7234915878043
2012-08-06 10:34:56,2927.5392225143505
2012-08-06 10:35:05,2931.35495344089
2012-08-06 10:35:15,2935.170684367436
2012-08-06 10:35:26,2942.263709922239
2012-08-06 10:35:35,2948.3310621601718
2012-08-06 10:35:46,2948.8951785182894
2012-08-06 10:35:56,2949.2633974671103
2012-08-06 10:36:05,2949.9094720162143
2012-08-06 10:36:16,2950.436645206795
2012-08-06 10:36:25,2951.168430139385
2012-08-06 10:36:36,2951.695582413506
2012-08-06 10:36:46,2952.2227346876275
2012-08-06 10:36:55,2952.3465599612964
2012-08-06 10:37:06,2954.1743151963137
2012-08-06 10:37:15,2954.509409039134
2012-08-06 10:37:26,2954.7224731949436
2012-08-06 10:37:36,2955.336047008881
2012-08-06 10:37:45,2957.2629928953224
2012-08-06 10:37:56,2957.688417783975
2012-08-06 10:38:05,2961.034788076533
2012-08-06 10:38:15,2964.450572751427
2012-08-06 10:38:26,2967.866357426263
2012-08-06 10:38:35,2971.282142101157
2012-08-06 10:38:46,2975.311636648256
2012-08-06 10:38:55,2977.269592282873
2012-08-06 10:39:05,2978.5378049663946
2012-08-06 10:39:16,2978.988655426383
2012-08-06 10:39:25,2979.439505886357
2012-08-06 10:39:36,2980.294713236781
2012-08-06 10:39:46,2981.367186927369
2012-08-06 10:39:55,2984.3239806945026
2012-08-06 10:40:06,2985.389505698703
2012-08-06 10:40:15,2986.893732890983
2012-08-06 10:40:26,2988.39796008323
2012-08-06 10:40:36,2989.9021872755097
2012-08-06 10:40:45,2990.239915611978
2012-08-06 10:40:56,2990.5776439484466
2012-08-06 10:41:05,2991.6909250962717
2012-08-06 10:41:16,2994.960633465964
2012-08-06 10:41:26,2998.2303418356796
2012-08-06 10:41:35,3001.5000502053717
2012-08-06 10:41:46,3004.769758575064
2012-08-06 10:41:55,3008.039466944756
2012-08-06 10:42:06,3011.3091753144718
2012-08-06 10:42:16,3014.578883684164
2012-08-06 10:42:25,3014.708098614629
2012-08-06 10:42:36,3015.0612643201825
2012-08-06 10:42:45,3015.6957469774234
2012-08-06 10:42:55,3016.498131142114
2012-08-06 10:43:06,3022.0698686001656
2012-08-06 10:43:15,3024.7737612788233
2012-08-06 10:43:26,3025.8342385263063
2012-08-06 10:43:35,3026.5096799503276
2012-08-06 10:43:45,3027.5844683660466
2012-08-06 10:43:56,3028.0544929727516
2012-08-06 10:44:05,3028.524517579452
2012-08-06 10:44:16,3029.1624572916
2012-08-06 10:44:26,3029.8003970036953
2012-08-06 10:44:35,3030.438336715843
2012-08-06 10:44:46,3030.9197906098275
2012-08-06 10:44:55,3031.078502343209
2012-08-06 10:45:06,3031.2372140765556
2012-08-06 10:45:16,3031.372649087811
2012-08-06 10:45:25,3031.7901346797307
2012-08-06 10:45:36,3031.999084054458
2012-08-06 10:45:45,3034.222907832059
2012-08-06 10:45:56,3034.9294336371986
2012-08-06 10:46:06,3035.429453664507
2012-08-06 10:46:15,3035.6683005023074
2012-08-06 10:46:26,3036.0275426928765
2012-08-06 10:46:35,3036.384024447744
2012-08-06 10:46:45,3036.863123578219
2012-08-06 10:46:56,3037.0647650565948
2012-08-06 10:47:05,3037.6710025408756
2012-08-06 10:47:16,3039.0456017651786
2012-08-06 10:47:25,3042.9885025945478
2012-08-06 10:47:35,3046.9314034238982
2012-08-06 10:47:46,3050.8743042532487
2012-08-06 10:47:55,3054.817205082618
2012-08-06 10:48:06,3055.3560323388833
2012-08-06 10:48:15,3056.9356252032817
2012-08-06 10:48:25,3058.5152180676505
2012-08-06 10:48:36,3060.0948109320257
2012-08-06 10:48:45,3061.674403796424
2012-08-06 10:48:56,3062.052624514622
2012-08-06 10:49:06,3062.4318497382515
2012-08-06 10:49:15,3062.607524765812
2012-08-06 10:49:26,3063.044392924581
2012-08-06 10:49:35,3063.18001146341
2012-08-06 10:49:46,3063.70903798342
2012-08-06 10:49:56,3064.132734099061
2012-08-06 10:50:05,3064.835727752916
2012-08-06 10:50:16,3064.9068392207464
2012-08-06 10:50:25,3064.977950688577
2012-08-06 10:50:36,3065.807295423677
2012-08-06 10:50:46,3065.964917199201
2012-08-06 10:50:55,3066.5887712287818
2012-08-06 10:51:06,3066.9459871931795
2012-08-06 10:51:15,3072.8837388837637
2012-08-06 10:51:25,3074.203211338763
2012-08-06 10:51:36,3075.5226837937043
2012-08-06 10:51:45,3076.072304693988
2012-08-06 10:51:56,3077.0915802431937
2012-08-06 10:52:05,3078.1368095856956
2012-08-06 10:52:15,3078.599370168156
2012-08-06 10:52:26,3078.8099414646404
2012-08-06 10:52:35,3079.020512761125
2012-08-06 10:52:46,3079.2310840576124
2012-08-06 10:52:55,3079.441655354097
2012-08-06 10:53:05,3079.6522266505813
2012-08-06 10:53:16,3080.6294542216756
2012-08-06 10:53:25,3080.7611411772127
2012-08-06 10:53:36,3080.8928281327503
2012-08-06 10:53:46,3081.0245150882292
2012-08-06 10:53:55,3081.156202043767
2012-08-06 10:54:06,3081.287888999304
2012-08-06 10:54:15,3081.733825623208
2012-08-06 10:54:26,3082.0361762417765
2012-08-06 10:54:36,3082.4033085384012
2012-08-06 10:54:45,3082.6461565620107
2012-08-06 10:54:56,3083.5924580015467
2012-08-06 10:55:05,3084.20820580771
2012-08-06 10:55:16,3084.5184716567755
2012-08-06 10:55:26,3084.828737505879
2012-08-06 10:55:35,3084.940563911062
2012-08-06 10:55:46,3085.0523903162043
2012-08-06 10:55:55,3085.164216721382
2012-08-06 10:56:05,3085.276043126565
2012-08-06 10:56:16,3085.589575194806
2012-08-06 10:56:25,3085.869304734923
2012-08-06 10:56:36,3086.081152785465
2012-08-06 10:56:45,3086.750404614366
2012-08-06 10:56:55,3087.345335838797
2012-08-06 10:57:06,3087.4873498314914
2012-08-06 10:57:15,3088.002505754944
2012-08-06 10:57:26,3088.103238559591
2012-08-06 10:57:35,3088.2039713642803
2012-08-06 10:57:45,3088.304704168927
2012-08-06 10:57:56,3088.7854773685067
2012-08-06 10:58:05,3089.5648104517545
2012-08-06 10:58:16,3089.827825258987
2012-08-06 10:58:26,3090.165292748476
2012-08-06 10:58:35,3091.288388009607
2012-08-06 10:58:46,3092.0133134850794
2012-08-06 10:58:55,3092.726238973976
2012-08-06 10:59:06,3092.8063678395793
2012-08-06 10:59:16,3093.213108044953
2012-08-06 10:59:25,3093.560017144704
2012-08-06 10:59:36,3093.9538392553372
2012-08-06 10:59:45,3094.4729133218034
2012-08-06 10:59:56,3094.918438265475
2012-08-06 11:00:06,3095.0279818429894
2012-08-06 11:00:15,3096.266719010021
2012-08-06 11:00:26,3096.9786217052333
2012-08-06 11:00:35,3097.2075389890224
2012-08-06 11:00:45,3098.1296153717985
2012-08-06 11:00:56,3098.6556449878326
2012-08-06 11:01:05,3099.2535758907648
2012-08-06 11:01:16,3099.851506793652
2012-08-06 11:01:25,3100.05223618015
2012-08-06 11:01:35,3100.4376253954642
2012-08-06 11:01:46,3101.0918319697766
2012-08-06 11:01:55,3101.1377235079513
2012-08-06 11:02:06,3101.3351538808793
2012-08-06 11:02:16,3101.5935837281777
2012-08-06 11:02:25,3101.7670382810006
2012-08-06 11:02:36,3101.979750740891
2012-08-06 11:02:45,3102.323126667279
2012-08-06 11:02:56,3102.5372528340804
2012-08-06 11:03:06,3102.7513790008434
2012-08-06 11:03:15,3102.9655051676496
2012-08-06 11:03:26,3103.1796313344507
2012-08-06 11:03:35,3103.830067713355
2012-08-06 11:03:46,3104.378205601594
2012-08-06 11:03:56,3105.3702179592315
2012-08-06 11:04:05,3105.873496288667
2012-08-06 11:04:16,3106.3163382194866
2012-08-06 11:04:25,3106.7429101640537
2012-08-06 11:04:36,3106.9273539179676
2012-08-06 11:04:46,3107.2808257868824
2012-08-06 11:04:55,3107.4471334861933
2012-08-06 11:05:06,3107.863179566277
2012-08-06 11:05:15,3108.431341035798
2012-08-06 11:05:25,3108.5807137300085
2012-08-06 11:05:36,3108.7300864242698
2012-08-06 11:05:45,3108.87945911848
2012-08-06 11:05:56,3109.4167457417616
2012-08-06 11:06:05,3109.7816344929342
2012-08-06 11:06:15,3110.1465232441424
2012-08-06 11:06:26,3110.451663797739
2012-08-06 11:06:35,3110.71622016192
2012-08-06 11:06:46,3111.4391514916238
2012-08-06 11:06:56,3111.717738407614
2012-08-06 11:07:05,3112.353953447177
2012-08-06 11:07:16,3114.0964703179748
2012-08-06 11:07:25,3114.5734083842644
2012-08-06 11:07:36,3116.239247771455
2012-08-06 11:07:46,3116.887416263344
2012-08-06 11:07:55,3117.6060670666666
2012-08-06 11:08:06,3117.8624036836723
2012-08-06 11:08:15,3118.0135028888167
2012-08-06 11:08:26,3118.824442757819
2012-08-06 11:08:36,3118.945112814293
2012-08-06 11:08:45,3119.065782870784
2012-08-06 11:08:56,3119.1864529272584
2012-08-06 11:09:05,3119.288820042823
2012-08-06 11:09:15,3119.9958640113387
2012-08-06 11:09:26,3120.583165492492
2012-08-06 11:09:35,3120.9128202337433
2012-08-06 11:09:46,3121.015187347756
2012-08-06 11:09:55,3121.2445047966607
2012-08-06 11:10:05,3121.518185483873
2012-08-06 11:10:16,3121.6519825958917
2012-08-06 11:10:25,3122.0986045074465
2012-08-06 11:10:36,3122.5349581602495
2012-08-06 11:10:45,3122.9479613161393
2012-08-06 11:10:55,3123.1276826071908
2012-08-06 11:11:06,3123.593417425067
2012-08-06 11:11:15,3123.97639353199
2012-08-06 11:11:26,3124.235061156759
2012-08-06 11:11:36,3124.7571831740224
2012-08-06 11:11:45,3125.279305191286
2012-08-06 11:11:56,3125.3690667507535
2012-08-06 11:12:05,3125.7970784947197
2012-08-06 11:12:16,3126.0659493438766
2012-08-06 11:12:26,3126.2400027702465
2012-08-06 11:12:35,3126.981969322924
2012-08-06 11:12:46,3127.236104399797
2012-08-06 11:12:55,3127.4721472623414
2012-08-06 11:13:06,3127.795569773548
2012-08-06 11:13:16,3128.118992284741
2012-08-06 11:13:25,3128.299700465646
2012-08-06 11:13:36,3128.4804086465506
2012-08-06 11:13:45,3128.6373522742156
2012-08-06 11:13:55,3131.1956634431303
2012-08-06 11:14:06,3133.7539746120483
2012-08-06 11:14:15,3140.3019294589044
2012-08-06 11:14:26,3143.0309383778285
2012-08-06 11:14:35,3145.7599472967595
2012-08-06 11:14:45,3145.919185451161
2012-08-06 11:14:56,3147.3751752984203
2012-08-06 11:15:05,3147.5362985835973
2012-08-06 11:15:16,3147.712236346897
2012-08-06 11:15:25,3147.934561787322
2012-08-06 11:15:35,3148.283881243914
2012-08-06 11:15:46,3148.7113412384338
2012-08-06 11:15:55,3149.8159353791807
2012-08-06 11:16:06,3151.0443189844755
2012-08-06 11:16:16,3151.2562856323916
2012-08-06 11:16:25,3152.1391895590887
2012-08-06 11:16:36,3152.3366199405536
2012-08-06 11:16:45,3152.6739052217863
2012-08-06 11:16:56,3152.9975680801385
2012-08-06 11:17:06,3153.609531334717
2012-08-06 11:17:15,3154.5890419095645
2012-08-06 11:17:26,3155.109879563784
2012-08-06 11:17:35,3155.463943875758
2012-08-06 11:17:46,3156.1078564056
2012-08-06 11:17:56,3157.1640300862264
2012-08-06 11:18:05,3157.9484115499376
2012-08-06 11:18:16,3158.493242834511
2012-08-06 11:18:25,3159.192480856951
2012-08-06 11:18:35,3159.727376277355
2012-08-06 11:18:46,3159.9068994059585
2012-08-06 11:18:55,3161.7502029745747
2012-08-06 11:19:06,3162.4021042734503
2012-08-06 11:19:15,3163.4016642907077
2012-08-06 11:19:25,3163.7666692408925
2012-08-06 11:19:36,3164.1316741910823
2012-08-06 11:19:45,3164.1872555512623
2012-08-06 11:19:56,3164.242836911435
2012-08-06 11:20:05,3164.418098274257
2012-08-06 11:20:15,3164.746409721379
2012-08-06 11:20:26,3164.9371324173044
2012-08-06 11:20:35,3165.232360383432
2012-08-06 11:20:46,3165.648282487761
2012-08-06 11:20:56,3165.8337991897783
2012-08-06 11:21:05,3166.1790751860017
2012-08-06 11:21:16,3166.7932779039797
2012-08-06 11:21:25,3167.131369616873
2012-08-06 11:21:36,3167.5384516490394
2012-08-06 11:21:46,3167.5632167071
2012-08-06 11:21:55,3168.195355008233
2012-08-06 11:22:06,3168.4564160276227
2012-08-06 11:22:15,3168.717477047017
2012-08-06 11:22:26,3168.8144764308418
2012-08-06 11:22:36,3168.911475814665
2012-08-06 11:22:45,3169.00847519849
2012-08-06 11:22:56,3169.221539385975
2012-08-06 11:23:05,3169.551599457494
2012-08-06 11:23:15,3169.656820322477
2012-08-06 11:23:26,3169.7620411874527
2012-08-06 11:23:35,3169.886555298271
2012-08-06 11:23:46,3170.011069409052
2012-08-06 11:23:55,3170.4257203626926
2012-08-06 11:24:05,3170.840371316333
2012-08-06 11:24:16,3171.051496633478
2012-08-06 11:24:25,3171.915263335645
2012-08-06 11:24:36,3172.1375243361736
2012-08-06 11:24:46,3172.359785336695
2012-08-06 11:24:55,3172.5173687841266
2012-08-06 11:25:06,3172.6749522315745
2012-08-06 11:25:15,3172.832535679006
2012-08-06 11:25:26,3173.076880647312
2012-08-06 11:25:36,3173.6375253637348
2012-08-06 11:25:45,3173.830754658361
2012-08-06 11:25:56,3173.966189667068
2012-08-06 11:26:05,3174.2190449876603
2012-08-06 11:26:16,3174.4719003082882
2012-08-06 11:26:26,3174.9268941005666
2012-08-06 11:26:35,3175.340558997038
2012-08-06 11:26:46,3176.0034378063388
2012-08-06 11:26:55,3176.3710490463754
2012-08-06 11:27:06,3176.906416360608
2012-08-06 11:27:16,3177.032582785422
2012-08-06 11:27:25,3177.5645777062323
2012-08-06 11:27:36,3178.3992563395914
2012-08-06 11:27:45,3179.37579930593
2012-08-06 11:27:55,3180.35234227221
2012-08-06 11:28:06,3180.773948872875
2012-08-06 11:28:15,3181.521269894305
2012-08-06 11:28:26,3181.936948576766
2012-08-06 11:28:35,3182.6718382133517
2012-08-06 11:28:45,3182.9056461178425
2012-08-06 11:28:56,3182.9802404465845
2012-08-06 11:29:05,3183.4257341471434
2012-08-06 11:29:16,3183.793433634528
2012-08-06 11:29:26,3184.1504399246196
2012-08-06 11:29:35,3184.479070674037
2012-08-06 11:29:46,3185.3576645257062
2012-08-06 11:29:55,3185.6160943831696
2012-08-06 11:30:06,3185.728917671929
2012-08-06 11:30:16,3186.4374308027177
2012-08-06 11:30:25,3188.3643410033383
2012-08-06 11:30:36,3188.8858982993565
2012-08-06 11:30:45,3190.5178334820134
2012-08-06 11:30:56,3191.067822369975
2012-08-06 11:31:06,3191.9500239168133
2012-08-06 11:31:15,3193.6655028345826
2012-08-06 11:31:26,3194.0745521047797
2012-08-06 11:31:35,3194.312375306859
2012-08-06 11:31:45,3194.4143791907627
2012-08-06 11:31:56,3195.050101897061
2012-08-06 11:32:05,3195.934181564083
2012-08-06 11:32:16,3196.163499023853
2012-08-06 11:32:25,3196.438209924879
2012-08-06 11:32:35,3196.6893197404197
2012-08-06 11:32:46,3197.1677954580814
2012-08-06 11:32:55,3197.9818310440332
2012-08-06 11:33:06,3200.094670764091
2012-08-06 11:33:15,3201.161342770307
2012-08-06 11:33:25,3202.637858206748
2012-08-06 11:33:36,3203.4373629853244
2012-08-06 11:33:45,3203.903959080628
2012-08-06 11:33:56,3204.370555175977
2012-08-06 11:34:06,3205.95471574373
2012-08-06 11:34:15,3206.4813717259444
2012-08-06 11:34:26,3207.008027708152
2012-08-06 11:34:35,3207.5346836903664
2012-08-06 11:34:46,3208.0613396725807
2012-08-06 11:34:56,3213.053639770108
2012-08-06 11:35:05,3215.5371774736295
2012-08-06 11:35:16,3215.788305460703
2012-08-06 11:35:25,3216.4353963883937
2012-08-06 11:35:36,3216.8909084761067
2012-08-06 11:35:46,3217.482826123409
2012-08-06 11:35:55,3217.801582018602
2012-08-06 11:36:06,3218.279296478031
2012-08-06 11:36:15,3218.3290260306026
2012-08-06 11:36:25,3218.869839254978
2012-08-06 11:36:36,3219.2512846472964
2012-08-06 11:36:45,3219.4148362966275
2012-08-06 11:36:56,3220.017024479633
2012-08-06 11:37:05,3220.4441940346746
2012-08-06 11:37:15,3220.735591322806
2012-08-06 11:37:26,3221.4554567275886
2012-08-06 11:37:35,3221.8399866388527
2012-08-06 11:37:46,3222.2245165501463
2012-08-06 11:37:55,3222.4515624653795
2012-08-06 11:38:05,3222.777062902434
2012-08-06 11:38:16,3223.122800389821
2012-08-06 11:38:25,3223.5750644341983
2012-08-06 11:38:36,3223.8179124644334
2012-08-06 11:38:46,3224.424659755541
2012-08-06 11:38:55,3224.9462170547017
2012-08-06 11:39:06,3225.473738373065
2012-08-06 11:39:15,3226.684253638765
2012-08-06 11:39:26,3227.343231730344
2012-08-06 11:39:36,3227.6978248264254
2012-08-06 11:39:45,3228.1166408849567
2012-08-06 11:39:56,3228.698279833371
2012-08-06 11:40:05,3228.7453629241763
2012-08-06 11:40:16,3229.1474094462737
2012-08-06 11:40:26,3229.336499326456
2012-08-06 11:40:35,3229.759146535825
2012-08-06 11:40:46,3229.837618352771
2012-08-06 11:40:55,3230.5596396291785
2012-08-06 11:41:05,3230.7198973679638
2012-08-06 11:41:16,3231.076233315773
2012-08-06 11:41:25,3231.2597994723747
2012-08-06 11:41:36,3231.7655046049504
2012-08-06 11:41:45,3231.9906568347865
2012-08-06 11:41:55,3232.369397875235
2012-08-06 11:42:06,3232.7471586439124
2012-08-06 11:42:15,3233.0628205552644
2012-08-06 11:42:26,3233.439329570495
2012-08-06 11:42:35,3233.7182906877233
2012-08-06 11:42:45,3233.869389900616
2012-08-06 11:42:56,3234.1422846621954
2012-08-06 11:43:05,3234.3140645575195
2012-08-06 11:43:16,3234.5981086220154
2012-08-06 11:43:26,3234.8471368435567
2012-08-06 11:43:35,3234.988386113786
2012-08-06 11:43:46,3235.136000096749
2012-08-06 11:43:55,3235.227783174077
2012-08-06 11:44:06,3235.70012525888
2012-08-06 11:44:16,3236.093642463115
2012-08-06 11:44:25,3236.3611875776933
2012-08-06 11:44:36,3236.5609943981126
2012-08-06 11:44:45,3236.7600809817473
2012-08-06 11:44:56,3236.9878370254855
2012-08-06 11:45:06,3237.3263068921865
2012-08-06 11:45:15,3237.371928032189
2012-08-06 11:45:26,3238.0949703380757
2012-08-06 11:45:35,3238.3971687640965
2012-08-06 11:45:45,3238.697218151029
2012-08-06 11:45:56,3239.449652643879
2012-08-06 11:46:05,3239.7564395953154
2012-08-06 11:46:16,3240.7534281787225
2012-08-06 11:46:25,3241.2214497787304
2012-08-06 11:46:35,3241.5298235103396
2012-08-06 11:46:46,3243.2416500853888
2012-08-06 11:46:55,3246.9957367766665
2012-08-06 11:47:06,3250.63684322005
2012-08-06 11:47:16,3251.197060408496
2012-08-06 11:47:25,3251.33586049476
2012-08-06 11:47:36,3252.210052376395
2012-08-06 11:47:45,3252.604627788605
2012-08-06 11:47:56,3252.940312472573
2012-08-06 11:48:06,3253.1533334737032
2012-08-06 11:48:15,3253.499947114051
2012-08-06 11:48:26,3254.254431698255
2012-08-06 11:48:35,3254.4240845138215
2012-08-06 11:48:46,3255.0068790987802
2012-08-06 11:48:56,3255.967995704803
2012-08-06 11:49:05,3257.0396121234417
2012-08-06 11:49:16,3258.033255313221
2012-08-06 11:49:25,3258.8450657915114
2012-08-06 11:49:36,3259.590536813027
2012-08-06 11:49:46,3260.1344054090105
2012-08-06 11:49:55,3260.553797334297
2012-08-06 11:50:06,3260.687482480754
2012-08-06 11:50:15,3260.9650826529946
2012-08-06 11:50:25,3261.671816154516
2012-08-06 11:50:36,3262.0176996753557
2012-08-06 11:50:45,3262.6229429419764
2012-08-06 11:50:56,3263.013421489352
2012-08-06 11:51:05,3263.1471066348413
2012-08-06 11:51:15,3263.20701373437
2012-08-06 11:51:26,3266.9861261107744
2012-08-06 11:51:35,3267.6117742404103
2012-08-06 11:51:46,3271.4046005984906
2012-08-06 11:51:56,3271.9479457862526
2012-08-06 11:52:05,3272.423671850186
2012-08-06 11:52:16,3272.787753221547
2012-08-06 11:52:25,3273.9034887802336
2012-08-06 11:52:36,3274.5503145342536
2012-08-06 11:52:46,3274.896066554368
2012-08-06 11:52:55,3275.3041200094517
2012-08-06 11:53:06,3275.9309681281184
2012-08-06 11:53:15,3276.4425590853057
2012-08-06 11:53:26,3277.3222138519504
2012-08-06 11:53:36,3277.8526657797856
2012-08-06 11:53:45,3278.190948875526
2012-08-06 11:53:56,3278.4326338070323
2012-08-06 11:54:05,3279.5169431910494
2012-08-06 11:54:15,3280.008163601281
2012-08-06 11:54:26,3281.2526538212223
2012-08-06 11:54:35,3282.083822399398
2012-08-06 11:54:46,3282.852116118832
2012-08-06 11:54:55,3283.451187125114
2012-08-06 11:55:05,3284.2080697199954
2012-08-06 11:55:16,3284.768062088656
2012-08-06 11:55:25,3285.2335549041914
2012-08-06 11:55:36,3285.698947887052
2012-08-06 11:55:45,3286.1264078889553
2012-08-06 11:55:55,3286.47414202914
2012-08-06 11:56:06,3287.42112777683
2012-08-06 11:56:15,3287.7702467891513
2012-08-06 11:56:26,3288.594928363939
2012-08-06 11:56:36,3290.322461800839
2012-08-06 11:56:45,3290.776544844272
2012-08-06 11:56:56,3293.3340647584437
2012-08-06 11:57:05,3296.950830229773
2012-08-06 11:57:16,3298.105257378844
2012-08-06 11:57:26,3298.7578189709466
2012-08-06 11:57:35,3299.3545541405515
2012-08-06 11:57:46,3300.4649548278576
2012-08-06 11:57:55,3301.8072462838086
2012-08-06 11:58:06,3303.0591143558577
2012-08-06 11:58:16,3304.945790761265
2012-08-06 11:58:25,3305.2133330742113
2012-08-06 11:58:36,3305.871914421434
2012-08-06 11:58:45,3306.6126348937914
2012-08-06 11:58:55,3308.347694612695
2012-08-06 11:59:06,3308.503747615254
2012-08-06 11:59:15,3308.659800617813
2012-08-06 11:59:26,3308.962151250891
2012-08-06 11:59:35,3309.1356058118376
2012-08-06 11:59:45,3309.615142188914
2012-08-06 11:59:56,3309.819876430542
2012-08-06 12:00:05,3310.2168105974406
2012-08-06 12:00:16,3310.272246500156
2012-08-06 12:00:25,3310.8393568976644
2012-08-06 12:00:35,3311.2443217180244
2012-08-06 12:00:46,3311.657080191358
2012-08-06 12:00:55,3312.2691603757535
2012-08-06 12:01:06,3312.291566281172
2012-08-06 12:01:16,3312.3139721865905
2012-08-06 12:01:25,3312.336378092063
2012-08-06 12:01:36,3312.3587839974816
2012-08-06 12:01:45,3312.5828424799815
2012-08-06 12:01:56,3312.806900962538
2012-08-06 12:02:06,3313.41076686753
2012-08-06 12:02:15,3313.6819911120633
2012-08-06 12:02:26,3313.939569087833
2012-08-06 12:02:35,3314.269419180987
2012-08-06 12:02:46,3314.5190350353264
2012-08-06 12:02:56,3315.0185269138306
2012-08-06 12:03:05,3315.3182369980227
2012-08-06 12:03:16,3315.6179470821835
2012-08-06 12:03:25,3315.9789174470075
2012-08-06 12:03:35,3316.493436607877
2012-08-06 12:03:46,3320.22925139328
2012-08-06 12:03:55,3325.1658691227667
2012-08-06 12:04:06,3328.282384556944
2012-08-06 12:04:15,3332.0870597051335
2012-08-06 12:04:25,3333.9492387918804
2012-08-06 12:04:36,3336.005738309139
2012-08-06 12:04:45,3336.1790937171518
2012-08-06 12:04:56,3340.2041121327284
2012-08-06 12:05:05,3346.1657258773103
2012-08-06 12:05:15,3347.095762218276
2012-08-06 12:05:26,3347.2974037019258
2012-08-06 12:05:35,3348.0108733219827
2012-08-06 12:05:46,3348.248696529404
2012-08-06 12:05:56,3348.7618197403276
2012-08-06 12:06:05,3348.846141062467
2012-08-06 12:06:16,3349.8769592972985
2012-08-06 12:06:25,3350.1050680539415
2012-08-06 12:06:36,3350.6458812868213
2012-08-06 12:06:46,3350.8736373379006
2012-08-06 12:06:55,3350.9541989816407
2012-08-06 12:07:06,3351.5113516044476
2012-08-06 12:07:15,3351.913738053406
2012-08-06 12:07:26,3352.2088725093695
2012-08-06 12:07:36,3352.9047907484355
2012-08-06 12:07:45,3353.6007089875015
2012-08-06 12:07:56,3354.2671884912634
2012-08-06 12:08:05,3354.898563126622
2012-08-06 12:08:15,3355.644852445352
2012-08-06 12:08:26,3358.343476327027
2012-08-06 12:08:35,3361.042100208713
2012-08-06 12:08:46,3361.8289062712283
2012-08-06 12:08:55,3363.2234933160275
2012-08-06 12:09:05,3364.61808036081
2012-08-06 12:09:16,3366.012667405609
2012-08-06 12:09:25,3366.4256705848347
2012-08-06 12:09:36,3366.562534007947
2012-08-06 12:09:46,3366.7169605897257
2012-08-06 12:09:55,3366.881116319921
2012-08-06 12:10:06,3366.9378778001856
2012-08-06 12:10:15,3368.5231440551743
2012-08-06 12:10:26,3370.10841031015
2012-08-06 12:10:36,3371.6936765651253
2012-08-06 12:10:45,3373.278942820114
2012-08-06 12:10:56,3374.8642090751027
2012-08-06 12:11:05,3376.4494753300783
2012-08-06 12:11:16,3377.028273208365
2012-08-06 12:11:26,3377.607071086682
2012-08-06 12:11:35,3378.185868964963
2012-08-06 12:11:46,3378.76466684328
2012-08-06 12:11:55,3379.3434647215668
2012-08-06 12:12:06,3379.9222625998536
2012-08-06 12:12:16,3380.5010604781705
2012-08-06 12:12:25,3381.0798583564515
2012-08-06 12:12:36,3381.6586562347684
2012-08-06 12:12:45,3382.2374541130553
2012-08-06 12:12:55,3382.6961151657583
2012-08-06 12:13:06,3383.1985360003214
2012-08-06 12:13:15,3383.364946566201
2012-08-06 12:13:26,3383.5313571320603
2012-08-06 12:13:35,3383.69776769794
2012-08-06 12:13:45,3383.9918761746944
2012-08-06 12:13:56,3384.198388099682
2012-08-06 12:14:05,3384.4049000246146
2012-08-06 12:14:16,3384.444861388368
2012-08-06 12:14:26,3384.8595123421665
2012-08-06 12:14:35,3385.103560295071
2012-08-06 12:14:46,3385.347608247972
2012-08-06 12:14:55,3385.5372208609288
2012-08-06 12:15:06,3386.0404291016316
2012-08-06 12:15:16,3387.3836803196414
2012-08-06 12:15:25,3388.7269315376634
2012-08-06 12:15:36,3390.070182755673
2012-08-06 12:15:45,3390.9795333810657
2012-08-06 12:15:56,3393.8325387059726
2012-08-06 12:16:06,3394.564062463834
2012-08-06 12:16:15,3397.404093753508
2012-08-06 12:16:26,3400.2441250431766
2012-08-06 12:16:35,3403.0841563328504
2012-08-06 12:16:45,3405.9241876225265
2012-08-06 12:16:56,3408.764218912193
2012-08-06 12:17:05,3411.604250201869
2012-08-06 12:17:16,3414.444281491543
2012-08-06 12:17:25,3417.2843127812116
2012-08-06 12:17:35,3420.1243440708854
2012-08-06 12:17:46,3422.742161621594
2012-08-06 12:17:55,3423.047302175346
2012-08-06 12:18:06,3424.2838478695244
2012-08-06 12:18:15,3425.5203935637014
2012-08-06 12:18:25,3426.7569392578225
2012-08-06 12:18:36,3427.9934849519996
2012-08-06 12:18:45,3429.230030646178
2012-08-06 12:18:56,3429.940984908778
2012-08-06 12:19:06,3430.6519391713864
2012-08-06 12:19:15,3431.3628934339863
2012-08-06 12:19:26,3432.073847696586
2012-08-06 12:19:35,3432.784801959188
2012-08-06 12:19:46,3433.495756221788
2012-08-06 12:19:56,3434.2067104843877
2012-08-06 12:20:05,3434.9176647469963
2012-08-06 12:20:16,3435.628619009596
2012-08-06 12:20:25,3436.4242917841007
2012-08-06 12:20:36,3436.927701082905
2012-08-06 12:20:46,3437.106339861709
2012-08-06 12:20:55,3437.2896421029736
2012-08-06 12:21:06,3437.384698874909
2012-08-06 12:21:15,3437.623425553728
2012-08-06 12:21:25,3437.971532390209
2012-08-06 12:21:36,3438.937054391577
2012-08-06 12:21:45,3439.8411879611335
2012-08-06 12:21:56,3440.22572735023
2012-08-06 12:22:05,3440.5789902178763
2012-08-06 12:22:15,3441.5019981216155
2012-08-06 12:22:26,3442.4250060253353
2012-08-06 12:22:35,3443.3480139290746
2012-08-06 12:22:46,3445.944506815163
2012-08-06 12:22:55,3448.540999701246
2012-08-06 12:23:05,3452.7609417076137
2012-08-06 12:23:16,3458.3940403828656
2012-08-06 12:23:25,3460.1467148861034
2012-08-06 12:23:36,3461.8993893893817
2012-08-06 12:23:46,3463.6520638926195
2012-08-06 12:23:55,3463.9971297413313
2012-08-06 12:24:06,3464.8718580165264
2012-08-06 12:24:15,3465.347974825346
2012-08-06 12:24:26,3465.7584222352266
2012-08-06 12:24:36,3466.2579140795015
2012-08-06 12:24:45,3467.5466963535414
2012-08-06 12:24:56,3467.8685790064283
2012-08-06 12:25:05,3468.783643751361
2012-08-06 12:25:16,3470.5978881872015
2012-08-06 12:25:26,3472.0124991766675
2012-08-06 12:25:35,3472.356567192576
2012-08-06 12:25:46,3472.7006352084813
2012-08-06 12:25:55,3474.740369555036
2012-08-06 12:26:05,3476.7801039015344
2012-08-06 12:26:16,3478.8198382480905
2012-08-06 12:26:25,3480.859572594645
2012-08-06 12:26:36,3484.4777877077577
2012-08-06 12:26:45,3487.687483930911
2012-08-06 12:26:55,3490.022039376352
2012-08-06 12:27:06,3490.870873891132
2012-08-06 12:27:15,3491.3542426905415
2012-08-06 12:27:26,3492.9245797925632
2012-08-06 12:27:35,3493.154037456122
2012-08-06 12:27:45,3495.2650233415807
2012-08-06 12:27:56,3496.08447119931
2012-08-06 12:28:05,3496.9039190570393
2012-08-06 12:28:16,3497.7233669147686
2012-08-06 12:28:26,3499.3268004582346
2012-08-06 12:28:35,3501.900215069275
2012-08-06 12:28:46,3503.5962995953096
2012-08-06 12:28:55,3505.2923841213856
2012-08-06 12:29:06,3506.98846864742
2012-08-06 12:29:16,3507.405058565482
2012-08-06 12:29:25,3508.052772742135
2012-08-06 12:29:36,3509.420732128273
2012-08-06 12:29:45,3510.788691514411
2012-08-06 12:29:56,3512.1566509005465
2012-08-06 12:30:06,3513.5246102866845
2012-08-06 12:30:15,3517.4533128520648
2012-08-06 12:30:26,3521.7941130692398
2012-08-06 12:30:35,3522.1708243044955
2012-08-06 12:30:45,3525.7647546713856
2012-08-06 12:30:56,3529.3586850382276
2012-08-06 12:31:05,3532.952615405122
2012-08-06 12:31:16,3536.546545772012
2012-08-06 12:31:25,3540.140476138854
2012-08-06 12:31:35,3543.734406505744
2012-08-06 12:31:46,3544.7630206083627
2012-08-06 12:31:55,3545.7916347109885
2012-08-06 12:32:06,3550.223309374681
2012-08-06 12:32:16,3550.2976045580745
2012-08-06 12:32:25,3553.556092601715
2012-08-06 12:32:36,3554.401800424276
2012-08-06 12:32:45,3554.602385969477
2012-08-06 12:32:56,3554.802971514675
2012-08-06 12:33:06,3555.0035570598184
2012-08-06 12:33:15,3555.204142605019
2012-08-06 12:33:26,3558.643818575371
2012-08-06 12:33:35,3562.0834945457295
2012-08-06 12:33:46,3565.611712429662
2012-08-06 12:33:56,3569.060972954926
2012-08-06 12:34:05,3572.51023348019
2012-08-06 12:34:16,3576.519464787093
2012-08-06 12:34:25,3580.528696093962
2012-08-06 12:34:36,3584.537927400865
2012-08-06 12:34:46,3585.2236701071333
2012-08-06 12:34:55,3585.3577433965042
2012-08-06 12:35:06,3585.5580716185536
2012-08-06 12:35:15,3586.0400118652
2012-08-06 12:35:25,3588.1563246119426
2012-08-06 12:35:36,3588.8139542067565
2012-08-06 12:35:45,3589.499231911925
2012-08-06 12:35:56,3593.576805943772
2012-08-06 12:36:05,3602.80620310362
2012-08-06 12:36:15,3608.61635237041
2012-08-06 12:36:26,3615.5054542778075
2012-08-06 12:36:35,3621.8564810190933
2012-08-06 12:36:46,3628.207507760414
2012-08-06 12:36:56,3630.577192684416
2012-08-06 12:37:05,3632.9468776084104
2012-08-06 12:37:16,3635.3165625324123
2012-08-06 12:37:25,3637.4455520220818
2012-08-06 12:37:36,3638.498556789695
2012-08-06 12:37:46,3645.4686415336673
2012-08-06 12:37:55,3648.6206649437026
2012-08-06 12:38:06,3651.7726883537625
2012-08-06 12:38:15,3652.445586884672
2012-08-06 12:38:26,3656.365927863921
2012-08-06 12:38:36,3661.466654436596
2012-08-06 12:38:45,3662.5028112968903
2012-08-06 12:38:56,3662.6540223203087
2012-08-06 12:39:05,3662.805233343727
2012-08-06 12:39:15,3663.32651677099
2012-08-06 12:39:26,3663.9657094853947
2012-08-06 12:39:35,3667.6883959303555
2012-08-06 12:39:46,3669.159246343985
2012-08-06 12:39:55,3669.6218070656923
2012-08-06 12:40:05,3669.987781300735
2012-08-06 12:40:16,3673.30497664768
2012-08-06 12:40:25,3675.2690900278735
2012-08-06 12:40:36,3676.850218485607
2012-08-06 12:40:45,3677.561333347667
2012-08-06 12:40:55,3678.71466766411
2012-08-06 12:41:06,3679.958286088428
2012-08-06 12:41:15,3681.269134856091
2012-08-06 12:41:26,3683.912947052194
2012-08-06 12:41:36,3684.902581173825
2012-08-06 12:41:45,3685.134952663958
2012-08-06 12:41:56,3686.0406776475006
2012-08-06 12:42:05,3689.8446649341795
2012-08-06 12:42:16,3690.213618592383
2012-08-06 12:42:26,3690.582572250587
2012-08-06 12:42:35,3691.6595631709006
2012-08-06 12:42:46,3693.183589211281
2012-08-06 12:42:55,3697.212092532355
2012-08-06 12:43:06,3699.9090104590655
2012-08-06 12:43:16,3701.5016922992672
2012-08-06 12:43:25,3706.190369009102
2012-08-06 12:43:36,3711.112035584978
2012-08-06 12:43:45,3716.3049802319297
2012-08-06 12:43:55,3722.2911200845074
2012-08-06 12:44:06,3723.4100902623986
2012-08-06 12:44:15,3724.2408127428303
2012-08-06 12:44:26,3726.466762176566
2012-08-06 12:44:35,3727.785672780397
2012-08-06 12:44:45,3729.951984743125
2012-08-06 12:44:56,3733.942425982269
2012-08-06 12:45:05,3734.4262918878544
2012-08-06 12:45:16,3738.0290035241524
2012-08-06 12:45:25,3738.8325782292154
2012-08-06 12:45:35,3741.987703986235
2012-08-06 12:45:46,3744.381939508228
2012-08-06 12:45:55,3744.7695843693555
2012-08-06 12:46:06,3746.521428591246
2012-08-06 12:46:16,3746.7576326515195
2012-08-06 12:46:25,3746.993836711799
2012-08-06 12:46:36,3747.2300407720722
2012-08-06 12:46:45,3748.631476669218
2012-08-06 12:46:56,3749.270859003957
2012-08-06 12:47:06,3749.6528657915983
2012-08-06 12:47:15,3750.425599846989
2012-08-06 12:47:26,3751.759620950075
2012-08-06 12:47:35,3756.6581897845263
2012-08-06 12:47:46,3759.6852969572615
2012-08-06 12:47:56,3762.7124041299967
2012-08-06 12:48:05,3764.810451825714
2012-08-06 12:48:16,3770.806252207735
2012-08-06 12:48:25,3772.0812634318568
2012-08-06 12:48:35,3774.811258244707
2012-08-06 12:48:46,3775.9234974795813
2012-08-06 12:48:55,3776.20171954213
2012-08-06 12:49:06,3776.429966245012
2012-08-06 12:49:15,3776.6521260858503
2012-08-06 12:49:25,3777.2329140991556
2012-08-06 12:49:36,3777.581768410303
2012-08-06 12:49:45,3777.6962270618956
2012-08-06 12:49:56,3778.193753322515
2012-08-06 12:50:05,3778.4685693093224
2012-08-06 12:50:15,3782.6314921780654
2012-08-06 12:50:26,3788.937142994472
2012-08-06 12:50:35,3797.1678199049065
2012-08-06 12:50:46,3803.24013950155
2012-08-06 12:50:56,3808.741253556493
2012-08-06 12:51:05,3815.176198783516
2012-08-06 12:51:16,3820.67963211027
2012-08-06 12:51:25,3821.4560017882413
2012-08-06 12:51:36,3824.6103022821544
2012-08-06 12:51:46,3827.764602776115
2012-08-06 12:51:55,3832.96066246863
2012-08-06 12:52:06,3838.603068190437
2012-08-06 12:52:15,3839.2953632860067
2012-08-06 12:52:26,3842.0487232350533
2012-08-06 12:52:36,3842.328119076144
2012-08-06 12:52:45,3842.6075149171957
2012-08-06 12:52:56,3842.913602982089
2012-08-06 12:53:05,3843.7229164917926
2012-08-06 12:53:15,3844.0044168413224
2012-08-06 12:53:26,3844.698890609173
2012-08-06 12:53:35,3845.6561504318493
2012-08-06 12:53:46,3846.6903909080884
2012-08-06 12:53:55,3847.7246313843857
2012-08-06 12:54:05,3849.768908825543
2012-08-06 12:54:16,3851.315920128472
2012-08-06 12:54:25,3852.1502163211208
2012-08-06 12:54:36,3852.195837452188
2012-08-06 12:54:46,3852.7167450020856
2012-08-06 12:54:55,3853.2410305111657
2012-08-06 12:55:06,3853.7653160202526
2012-08-06 12:55:15,3854.2896015293327
2012-08-06 12:55:26,3854.4188164304933
2012-08-06 12:55:36,3854.9645743152028
2012-08-06 12:55:45,3855.0983714044405
2012-08-06 12:55:56,3856.340764499114
2012-08-06 12:56:05,3859.674977973363
2012-08-06 12:56:16,3860.3674475731627
2012-08-06 12:56:26,3860.432055023628
2012-08-06 12:56:35,3860.883069560717
2012-08-06 12:56:46,3861.3119614789603
2012-08-06 12:56:55,3861.678867623804
2012-08-06 12:57:06,3862.1248041496488
2012-08-06 12:57:16,3863.9399686089073
2012-08-06 12:57:25,3865.9369276589464
2012-08-06 12:57:36,3866.8513820756943
2012-08-06 12:57:45,3867.765836492435
2012-08-06 12:57:55,3871.1813229643844
2012-08-06 12:58:06,3874.0814242500924
2012-08-06 12:58:15,3875.1393800023534
2012-08-06 12:58:26,3875.744228821563
2012-08-06 12:58:35,3876.0085874756846
2012-08-06 12:58:45,3876.4147381569587
2012-08-06 12:58:56,3876.727614670362
2012-08-06 12:59:05,3876.935673914511
2012-08-06 12:59:16,3877.527964937612
2012-08-06 12:59:26,3881.8465259190257
2012-08-06 12:59:35,3894.6249499944065
2012-08-06 12:59:46,3900.02583836113
2012-08-06 12:59:55,3901.39773035602
2012-08-06 13:00:06,3903.083683386617
2012-08-06 13:00:16,3903.7455945785964
2012-08-06 13:00:25,3906.010569083735
2012-08-06 13:00:36,3907.1523838748026
2012-08-06 13:00:45,3908.5346279504274
2012-08-06 13:00:56,3908.937910856996
2012-08-06 13:01:06,3909.319917547082
2012-08-06 13:01:15,3909.606623653515
2012-08-06 13:01:26,3910.4049136650615
2012-08-06 13:01:35,3910.867283059869
2012-08-06 13:01:45,3912.346621034633
2012-08-06 13:01:56,3913.570667553954
2012-08-06 13:02:05,3913.7640376473873
2012-08-06 13:02:16,3913.9659071451497
2012-08-06 13:02:25,3914.9870075056965
2012-08-06 13:02:35,3918.126011361553
2012-08-06 13:02:46,3919.060995459774
2012-08-06 13:02:55,3919.6464439698548
2012-08-06 13:03:06,3920.132570313696
2012-08-06 13:03:15,3920.884535991281
2012-08-06 13:03:25,3921.5446560770697
2012-08-06 13:03:36,3922.857520611909
2012-08-06 13:03:45,3923.483510811316
2012-08-06 13:03:56,3924.2185007357443
2012-08-06 13:04:06,3924.8387172986727
2012-08-06 13:04:15,3925.221314612165
2012-08-06 13:04:26,3926.5013209230215
2012-08-06 13:04:35,3926.8885938053095
2012-08-06 13:04:46,3927.5567667669375
2012-08-06 13:04:56,3928.840653695432
2012-08-06 13:05:05,3932.2633045766484
2012-08-06 13:05:16,3939.7127076267393
2012-08-06 13:05:25,3945.011855675458
2012-08-06 13:05:36,3946.7102502797998
2012-08-06 13:05:46,3947.539288124231
2012-08-06 13:05:55,3947.9103214773754
2012-08-06 13:06:06,3948.1207631794473
2012-08-06 13:06:15,3948.4663241754924
2012-08-06 13:06:25,3948.726777969444
2012-08-06 13:06:36,3949.104998631226
2012-08-06 13:06:45,3949.487386469855
2012-08-06 13:06:56,3961.339990585945
2012-08-06 13:07:05,3967.944426247154
2012-08-06 13:07:15,3975.1713953756835
2012-08-06 13:07:26,3979.2319465342093
2012-08-06 13:07:35,3980.0559876544457
2012-08-06 13:07:46,3980.298835616441
2012-08-06 13:07:55,3980.948048165216
2012-08-06 13:08:05,3981.2809380809936
2012-08-06 13:08:16,3981.673505768399
2012-08-06 13:08:25,3982.0663410571915
2012-08-06 13:08:36,3984.7344811038665
2012-08-06 13:08:46,3992.9290655009722
2012-08-06 13:08:55,3998.2151545993024
2012-08-06 13:09:06,4000.85864747773
2012-08-06 13:09:15,4001.7071193702786
2012-08-06 13:09:26,4003.6507917390973
2012-08-06 13:09:36,4005.0129388873797
2012-08-06 13:09:45,4005.1541880987133
2012-08-06 13:09:56,4006.1672118493507
2012-08-06 13:10:05,4006.7392400824174
2012-08-06 13:10:16,4007.2932660982106
2012-08-06 13:10:26,4007.502215378039
2012-08-06 13:10:35,4007.784713803089
2012-08-06 13:10:46,4008.110260120252
2012-08-06 13:10:55,4008.912601858169
2012-08-06 13:11:05,4009.51917401163
2012-08-06 13:11:16,4010.553844096947
2012-08-06 13:11:25,4010.778996224565
2012-08-06 13:11:36,4011.675535174181
2012-08-06 13:11:45,4014.4098506340238
2012-08-06 13:11:55,4015.0318302809337
2012-08-06 13:12:06,4016.7740977425124
2012-08-06 13:12:15,4021.0732392869136
2012-08-06 13:12:26,4022.3444822122947
2012-08-06 13:12:35,4023.659500461546
2012-08-06 13:12:45,4024.407280236476
2012-08-06 13:12:56,4024.809499926148
2012-08-06 13:13:05,4024.998380235093
2012-08-06 13:13:16,4025.9922263402877
2012-08-06 13:13:26,4026.5163387608327
2012-08-06 13:13:35,4028.95337104773
2012-08-06 13:13:46,4032.5836294957176
2012-08-06 13:13:55,4035.7285360316228
2012-08-06 13:14:06,4037.296571386904
2012-08-06 13:14:16,4038.6994182618164
2012-08-06 13:14:25,4043.5499114779177
2012-08-06 13:14:36,4044.8395951643556
2012-08-06 13:14:45,4049.275496950623
2012-08-06 13:14:56,4049.821254789278
2012-08-06 13:15:06,4050.1200920919077
2012-08-06 13:15:15,4050.9246862608766
2012-08-06 13:15:26,4052.9612850178255
2012-08-06 13:15:35,4053.2565129000873
2012-08-06 13:15:45,4053.8995936902706
2012-08-06 13:15:56,4053.988913060031
2012-08-06 13:16:05,4054.2923718796587
2012-08-06 13:16:16,4054.984372080177
2012-08-06 13:16:25,4055.175509442687
2012-08-06 13:16:35,4055.2999725313407
2012-08-06 13:16:46,4055.4574198401397
2012-08-06 13:16:55,4055.7767677300367
2012-08-06 13:17:06,4056.3025516627563
2012-08-06 13:17:16,4056.768453475505
2012-08-06 13:17:25,4056.9618235295075
2012-08-06 13:17:36,4057.3173807561584
2012-08-06 13:17:45,4057.506537360942
2012-08-06 13:17:56,4058.213581122102
2012-08-06 13:18:06,4058.6131946462383
2012-08-06 13:18:15,4058.897001946977
2012-08-06 13:18:26,4059.0965443359178
2012-08-06 13:18:35,4060.423105193488
2012-08-06 13:18:46,4061.0849107928757
2012-08-06 13:18:56,4061.3596216111578
2012-08-06 13:19:05,4061.5328667573995
2012-08-06 13:19:16,4062.4370899148607
2012-08-06 13:19:25,4063.1397898064474
2012-08-06 13:19:36,4064.0907541380625
2012-08-06 13:19:46,4064.633169253365
2012-08-06 13:19:55,4065.457146091849
2012-08-06 13:20:06,4065.999270490642
2012-08-06 13:20:15,4066.8338585216297
2012-08-06 13:20:25,4068.0232651123383
2012-08-06 13:20:36,4070.7071479418946
2012-08-06 13:20:45,4072.3368208271386
2012-08-06 13:20:56,4072.3720083678577
2012-08-06 13:21:05,4072.844955091405
2012-08-06 13:21:15,4073.1686178402083
2012-08-06 13:21:26,4078.0917539984302
2012-08-06 13:21:35,4081.6743754854137
2012-08-06 13:21:46,4081.9394538828083
2012-08-06 13:21:56,4082.459189337928
2012-08-06 13:22:05,4083.1469751366
2012-08-06 13:22:16,4083.6009964992054
2012-08-06 13:22:25,4084.2384222188166
2012-08-06 13:22:36,4084.9996916354617
2012-08-06 13:22:46,4085.882978669282
2012-08-06 13:22:55,4087.7763972780185
2012-08-06 13:23:06,4089.0085990547727
2012-08-06 13:23:15,4093.250577461754
2012-08-06 13:23:26,4097.392987003643
2012-08-06 13:23:36,4110.5526240392655
2012-08-06 13:23:45,4120.431406601373
2012-08-06 13:23:56,4128.707999955587
2012-08-06 13:24:05,4135.196413018154
2012-08-06 13:24:15,4135.468828532185
2012-08-06 13:24:26,4136.061552370253
2012-08-06 13:24:35,4136.443150606052
2012-08-06 13:24:46,4136.811260481592
2012-08-06 13:24:55,4136.938156944327
2012-08-06 13:25:05,4137.37023249441
2012-08-06 13:25:16,4137.425534298219
2012-08-06 13:25:25,4137.943448040646
2012-08-06 13:25:36,4138.216342662756
2012-08-06 13:25:45,4138.238612034286
2012-08-06 13:25:55,4138.594947799036
2012-08-06 13:26:06,4138.710485623079
2012-08-06 13:26:15,4139.062104346757
2012-08-06 13:26:26,4139.140576125222
2012-08-06 13:26:36,4139.428432186224
2012-08-06 13:26:45,4140.1001048103635
2012-08-06 13:26:56,4140.735405711203
2012-08-06 13:27:05,4141.277879590909
2012-08-06 13:27:16,4142.575827035726
2012-08-06 13:27:26,4144.912070206338
2012-08-06 13:27:35,4147.677333037079
2012-08-06 13:27:46,4151.479291401088
2012-08-06 13:27:55,4153.913924164646
2012-08-06 13:28:06,4154.378789752156
2012-08-06 13:28:16,4156.99897843473
2012-08-06 13:28:25,4157.5388453174355
2012-08-06 13:28:36,4159.500945379518
2012-08-06 13:28:45,4168.454027324693
2012-08-06 13:28:55,4168.883599645812
2012-08-06 13:29:06,4169.558650873915
2012-08-06 13:29:15,4170.122582053856
2012-08-06 13:29:26,4170.457391564568
2012-08-06 13:29:35,4171.346711434414
2012-08-06 13:29:45,4171.371476478415
2012-08-06 13:29:56,4171.576725627768
2012-08-06 13:30:05,4172.416283548333
2012-08-06 13:30:16,4173.03306225553
2012-08-06 13:30:25,4173.543829216868
2012-08-06 13:30:35,4174.466047486874
2012-08-06 13:30:46,4175.3288273856215
2012-08-06 13:30:55,4175.563699764864
2012-08-06 13:31:06,4175.692914619429
2012-08-06 13:31:16,4175.797762536385
2012-08-06 13:31:25,4175.98220619113
2012-08-06 13:31:36,4176.156259519536
2012-08-06 13:31:45,4176.440066739828
2012-08-06 13:31:56,4176.912931788893
2012-08-06 13:32:06,4176.977539215148
2012-08-06 13:32:15,4177.257535234724
2012-08-06 13:32:26,4177.581913836678
2012-08-06 13:32:35,4177.8650415345155
2012-08-06 13:32:46,4178.820649765767
2012-08-06 13:32:56,4179.528135208597
2012-08-06 13:33:05,4180.919149228701
2012-08-06 13:33:16,4182.121746018502
2012-08-06 13:33:25,4182.518899053573
2012-08-06 13:33:35,4183.816846381543
2012-08-06 13:33:46,4184.553216026191
2012-08-06 13:33:55,4185.029983130981
2012-08-06 13:34:06,4185.817017082886
2012-08-06 13:34:15,4186.487785635843
2012-08-06 13:34:25,4186.993221943118
2012-08-06 13:34:36,4187.171719892304
2012-08-06 13:34:45,4191.680534823009
2012-08-06 13:34:56,4193.256034058061
2012-08-06 13:35:05,4193.97919330258
2012-08-06 13:35:15,4196.828001358987
2012-08-06 13:35:26,4197.18765342665
2012-08-06 13:35:35,4201.069309358458
2012-08-06 13:35:46,4205.4667857809845
2012-08-06 13:35:56,4210.892184433169
2012-08-06 13:36:05,4214.616405048882
2012-08-06 13:36:16,4221.804063774056
2012-08-06 13:36:25,4227.9730189030015
2012-08-06 13:36:36,4232.966182139285
2012-08-06 13:36:46,4234.540063522546
2012-08-06 13:36:55,4235.208236034376
2012-08-06 13:37:06,4241.815192828415
2012-08-06 13:37:15,4247.33222468018
2012-08-06 13:37:26,4249.057871234183
2012-08-06 13:37:36,4252.130793456538
2012-08-06 13:37:45,4258.220862738966
2012-08-06 13:37:56,4263.38266977187
2012-08-06 13:38:05,4264.810722965124
2012-08-06 13:38:15,4271.067178076748
2012-08-06 13:38:26,4273.801329308158
2012-08-06 13:38:35,4279.505234619713
2012-08-06 13:38:46,4280.293645028451
2012-08-06 13:38:55,4281.062099807446
2012-08-06 13:39:05,4285.01369893091
2012-08-06 13:39:16,4288.499523785363
2012-08-06 13:39:25,4293.280622468489
2012-08-06 13:39:36,4297.121019406927
2012-08-06 13:39:46,4301.40017058513
2012-08-06 13:39:55,4302.3030602907065
2012-08-06 13:40:06,4305.214213157101
2012-08-06 13:40:15,4307.30190898021
2012-08-06 13:40:26,4307.934331539962
2012-08-06 13:40:36,4312.283943275805
2012-08-06 13:40:45,4318.763413213807
2012-08-06 13:40:56,4321.691008218726
2012-08-06 13:41:05,4322.588623016396
2012-08-06 13:41:16,4323.409619358453
2012-08-06 13:41:26,4324.055122370443
2012-08-06 13:41:35,4327.784812465225
2012-08-06 13:41:46,4332.763307907812
2012-08-06 13:41:55,4336.209725756269
2012-08-06 13:42:06,4337.493611589393
2012-08-06 13:42:16,4338.30099375762
2012-08-06 13:42:25,4338.677606959225
2012-08-06 13:42:36,4339.540386629248
2012-08-06 13:42:45,4341.739940566624
2012-08-06 13:42:55,4345.943914259276
2012-08-06 13:43:06,4347.99613277975
2012-08-06 13:43:15,4348.722379824962
2012-08-06 13:43:26,4349.406139969936
2012-08-06 13:43:35,4349.656149726847
2012-08-06 13:43:45,4349.925434140402
2012-08-06 13:43:56,4350.235923758753
2012-08-06 13:44:05,4350.412889456955
2012-08-06 13:44:16,4350.921787667144
2012-08-06 13:44:26,4351.089180937304
2012-08-06 13:44:35,4351.786339140643
2012-08-06 13:44:46,4352.344822595027
2012-08-06 13:44:55,4352.996876179308
2012-08-06 13:45:06,4353.605511043639
2012-08-06 13:45:16,4353.851121030875
2012-08-06 13:45:25,4354.076138022181
2012-08-06 13:45:36,4354.328990360471
2012-08-06 13:45:45,4354.378520433002
2012-08-06 13:45:56,4354.754502940371
2012-08-06 13:46:06,4356.0590655826645
2012-08-06 13:46:15,4356.16462813362
2012-08-06 13:46:26,4356.701182992919
2012-08-06 13:46:35,4356.845672378493
2012-08-06 13:46:45,4360.976103197156
2012-08-06 13:46:56,4364.284324916989
2012-08-06 13:47:05,4364.541376131997
2012-08-06 13:47:16,4365.783251564765
2012-08-06 13:47:25,4365.902485977234
2012-08-06 13:47:35,4365.924755336834
2012-08-06 13:47:46,4366.213734106971
2012-08-06 13:47:55,4366.613964370085
2012-08-06 13:48:06,4366.983777252251
2012-08-06 13:48:15,4367.658921779146
2012-08-06 13:48:25,4368.176242437525
2012-08-06 13:48:36,4368.649663599356
2012-08-06 13:48:45,4369.534562144606
2012-08-06 13:48:56,4369.7699773739205
2012-08-06 13:49:06,4370.37039060974
2012-08-06 13:49:15,4370.813152970586
2012-08-06 13:49:26,4371.1902491609
2012-08-06 13:49:35,4372.442130342052
2012-08-06 13:49:46,4376.585346342538
2012-08-06 13:49:56,4377.471799273439
2012-08-06 13:50:05,4378.126576532249
2012-08-06 13:50:16,4378.252131315096
2012-08-06 13:50:25,4379.004096294967
2012-08-06 13:50:36,4379.68475107482
2012-08-06 13:50:46,4380.55848653707
2012-08-06 13:50:55,4380.75230874279
2012-08-06 13:51:06,4381.129019635648
2012-08-06 13:51:15,4394.891953884659
2012-08-06 13:51:25,4395.634272891864
2012-08-06 13:51:36,4397.33319981284
2012-08-06 13:51:45,4398.888400519995
2012-08-06 13:51:56,4400.166525178823
2012-08-06 13:52:05,4400.322963308506
2012-08-06 13:52:15,4400.631596909353
2012-08-06 13:52:26,4403.477246783665
2012-08-06 13:52:35,4409.1947154846175
2012-08-06 13:52:46,4409.83124580413
2012-08-06 13:52:55,4409.982344856293
2012-08-06 13:53:05,4410.495261092799
2012-08-06 13:53:16,4410.583743933851
2012-08-06 13:53:25,4410.886465625309
2012-08-06 13:53:36,4411.292770203532
2012-08-06 13:53:46,4411.515655506828
2012-08-06 13:53:55,4411.870286771513
2012-08-06 13:54:06,4412.147886662513
2012-08-06 13:54:15,4412.406144357249
2012-08-06 13:54:26,4412.53637113395
2012-08-06 13:54:36,4412.741620183526
2012-08-06 13:54:45,4413.2288350562385
2012-08-06 13:54:56,4413.340729825607
2012-08-06 13:55:05,4413.589377320617
2012-08-06 13:55:16,4413.715804852468
2012-08-06 13:55:26,4413.9762584087475
2012-08-06 13:55:35,4414.071315087006
2012-08-06 13:55:46,4414.435939367277
2012-08-06 13:55:55,4414.589857535336
2012-08-06 13:56:05,4414.822391732477
2012-08-06 13:56:16,4415.084044071351
2012-08-06 13:56:25,4415.439078705071
2012-08-06 13:56:36,4415.642230993341
2012-08-06 13:56:45,4416.157570174397
2012-08-06 13:56:55,4416.287192859644
2012-08-06 13:57:06,4416.457477108665
2012-08-06 13:57:15,4416.7583168291685
2012-08-06 13:57:26,4416.970283259502
2012-08-06 13:57:35,4417.457498132676
2012-08-06 13:57:45,4417.741525840052
2012-08-06 13:57:56,4417.978025034596
2012-08-06 13:58:05,4418.278864755019
2012-08-06 13:58:16,4418.420878608545
2012-08-06 13:58:26,4418.575833726243
2012-08-06 13:58:35,4424.064620465758
2012-08-06 13:58:46,4432.764438584145
2012-08-06 13:58:55,4441.08738494312
2012-08-06 13:59:06,4447.810614509289
2012-08-06 13:59:16,4451.71401332035
2012-08-06 13:59:25,4452.440295549511
2012-08-06 13:59:36,4455.8325014443635
2012-08-06 13:59:45,4456.136818812608
2012-08-06 13:59:56,4456.579793088464
2012-08-06 14:00:06,4459.368299930797
2012-08-06 14:00:15,4464.711313307616
2012-08-06 14:00:26,4470.084912909623
2012-08-06 14:00:35,4472.031439357575
2012-08-06 14:00:45,4477.163046534803
2012-08-06 14:00:56,4481.47810870584
2012-08-06 14:01:05,4483.074958220305
2012-08-06 14:01:16,4484.220857990878
2012-08-06 14:01:25,4484.889040760102
2012-08-06 14:01:35,4486.89096481575
2012-08-06 14:01:46,4487.990515993885
2012-08-06 14:01:55,4488.838801741916
2012-08-06 14:02:06,4489.380925664219
2012-08-06 14:02:16,4490.084064146667
2012-08-06 14:02:25,4490.6575487733135
2012-08-06 14:02:36,4491.280369645402
2012-08-06 14:02:45,4491.544728050607
2012-08-06 14:02:56,4491.799903364886
2012-08-06 14:03:06,4492.1563846582
2012-08-06 14:03:15,4492.729554223209
2012-08-06 14:03:26,4495.687902079905
2012-08-06 14:03:35,4497.422982212426
2012-08-06 14:03:46,4497.462943532379
2012-08-06 14:03:56,4498.235874093097
2012-08-06 14:04:05,4498.62752575733
2012-08-06 14:04:16,4498.9090258290435
2012-08-06 14:04:25,4499.3492879392
2012-08-06 14:04:36,4499.43601511624
2012-08-06 14:04:46,4499.842319631706
2012-08-06 14:04:55,4500.225642889731
2012-08-06 14:05:06,4501.909261589146
2012-08-06 14:05:15,4503.8578444885925
2012-08-06 14:05:25,4507.95533917253
2012-08-06 14:05:36,4509.110548099402
2012-08-06 14:05:45,4510.678235456232
2012-08-06 14:05:56,4512.418586077824
2012-08-06 14:06:05,4513.844511330277
2012-08-06 14:06:15,4514.682827498345
2012-08-06 14:06:26,4516.347300011567
2012-08-06 14:06:35,4516.460822831219
2012-08-06 14:06:46,4518.206043318433
2012-08-06 14:06:56,4521.288994281648
2012-08-06 14:07:05,4524.752271417763
2012-08-06 14:07:16,4531.122134587337
2012-08-06 14:07:25,4536.852639443093
2012-08-06 14:07:36,4542.251735324128
2012-08-06 14:07:46,4542.657885602497
2012-08-06 14:07:55,4543.14125489973
2012-08-06 14:08:06,4543.550639418658
2012-08-06 14:08:15,4543.7633516028345
2012-08-06 14:08:26,4546.190091064258
2012-08-06 14:08:36,4549.994512225603
2012-08-06 14:08:45,4553.70620667516
2012-08-06 14:08:56,4557.305906050863
2012-08-06 14:09:05,4564.796503296957
2012-08-06 14:09:15,4571.5426282143835
2012-08-06 14:09:26,4576.57901219152
2012-08-06 14:09:35,4580.900533975512
2012-08-06 14:09:46,4581.527381138247
2012-08-06 14:09:55,4582.252305541421
2012-08-06 14:10:05,4585.1243699011775
2012-08-06 14:10:16,4586.412041405168
2012-08-06 14:10:25,4587.338888777471
2012-08-06 14:10:36,4590.401281053604
2012-08-06 14:10:45,4591.776098676246
2012-08-06 14:10:55,4594.399782944671
2012-08-06 14:11:06,4594.699241588567
2012-08-06 14:11:15,4595.457802597118
2012-08-06 14:11:26,4597.101332463464
2012-08-06 14:11:36,4601.648171082786
2012-08-06 14:11:45,4606.966389694125
2012-08-06 14:11:56,4612.801318277622
2012-08-06 14:12:05,4615.45443642927
2012-08-06 14:12:16,4617.5789039104875
2012-08-06 14:12:26,4619.116924828913
2012-08-06 14:12:35,4621.039925301058
2012-08-06 14:12:46,4626.518722776809
2012-08-06 14:12:55,4637.840390454411
2012-08-06 14:13:06,4641.835279288719
2012-08-06 14:13:16,4642.3341146530465
2012-08-06 14:13:25,4643.730352051726
2012-08-06 14:13:36,4646.149153109996
2012-08-06 14:13:45,4646.431651169087
2012-08-06 14:13:55,4647.648806447869
2012-08-06 14:14:06,4648.185394172992
2012-08-06 14:14:15,4649.555241176327
2012-08-06 14:14:26,4650.319585599744
2012-08-06 14:14:35,4651.002097670149
2012-08-06 14:14:45,4653.080223696726
2012-08-06 14:14:56,4656.775291838814
2012-08-06 14:15:05,4659.545719311425
2012-08-06 14:15:16,4661.912357203552
2012-08-06 14:15:25,4663.679431586303
2012-08-06 14:15:35,4664.909248599092
2012-08-06 14:15:46,4668.471790845388
2012-08-06 14:15:55,4670.093396125895
2012-08-06 14:16:06,4676.712533299576
2012-08-06 14:16:16,4677.500288381761
2012-08-06 14:16:25,4678.624604416003
2012-08-06 14:16:36,4679.140012616923
2012-08-06 14:16:45,4680.168216529799
2012-08-06 14:16:56,4682.653804978249
2012-08-06 14:17:06,4682.91369568419
2012-08-06 14:17:15,4687.571948883122
2012-08-06 14:17:26,4689.988131005921
2012-08-06 14:17:35,4692.292075857151
2012-08-06 14:17:46,4693.182918115886
2012-08-06 14:17:56,4694.559859445039
2012-08-06 14:18:05,4694.931441809304
2012-08-06 14:18:16,4696.834886080336
2012-08-06 14:18:25,4698.717324675656
2012-08-06 14:18:35,4699.606911770861
2012-08-06 14:18:46,4699.945498638921
2012-08-06 14:18:55,4701.154181795349
2012-08-06 14:19:06,4701.767714464589
2012-08-06 14:19:15,4702.615579377144
2012-08-06 14:19:25,4703.585477288816
2012-08-06 14:19:36,4704.394789450818
2012-08-06 14:19:45,4704.753283260753
2012-08-06 14:19:56,4706.370548951657
2012-08-06 14:20:05,4710.658557715317
2012-08-06 14:20:15,4718.979429047034
2012-08-06 14:20:26,4721.970885320084
2012-08-06 14:20:35,4725.414028361789
2012-08-06 14:20:46,4726.219737348241
2012-08-06 14:20:56,4726.832011458322
2012-08-06 14:21:05,4728.05976041726
2012-08-06 14:21:16,4732.066847391951
2012-08-06 14:21:25,4734.195897511376
2012-08-06 14:21:36,4738.485338680942
2012-08-06 14:21:46,4741.312267372678
2012-08-06 14:21:55,4741.515637115968
2012-08-06 14:22:06,4743.637953171412
2012-08-06 14:22:15,4746.726405867048
2012-08-06 14:22:26,4747.224184140177
2012-08-06 14:22:36,4748.032427866179
2012-08-06 14:22:45,4750.38932602068
2012-08-06 14:22:56,4751.252762111656
2012-08-06 14:23:05,4752.634752843979
2012-08-06 14:23:15,4756.731664494231
2012-08-06 14:23:26,4761.74581996625
2012-08-06 14:23:35,4762.972403929469
2012-08-06 14:23:46,4763.625818702611
2012-08-06 14:23:55,4764.505471718781
2012-08-06 14:24:05,4768.670996401691
2012-08-06 14:24:16,4770.544815505387
2012-08-06 14:24:25,4773.82055670441
2012-08-06 14:24:36,4778.497369136098
2012-08-06 14:24:46,4780.200209180479
2012-08-06 14:24:55,4781.215467843974
2012-08-06 14:25:06,4783.191596146685
2012-08-06 14:25:15,4784.81394646995
2012-08-06 14:25:26,4786.16064051579
2012-08-06 14:25:36,4786.647423034228
2012-08-06 14:25:45,4787.266548269372
2012-08-06 14:25:56,4787.468189310195
2012-08-06 14:26:05,4788.223361549491
2012-08-06 14:26:16,4789.266917460668
2012-08-06 14:26:26,4789.903988656316
2012-08-06 14:26:35,4792.630006811167
2012-08-06 14:26:46,4793.892533168676
2012-08-06 14:26:55,4795.213714880635
2012-08-06 14:27:06,4797.213669556636
2012-08-06 14:27:16,4799.350965378195
2012-08-06 14:27:25,4799.772342800665
2012-08-06 14:27:36,4800.433651396805
2012-08-06 14:27:45,4801.107740702279
2012-08-06 14:27:55,4801.381467009218
2012-08-06 14:28:06,4801.530717026595
2012-08-06 14:28:15,4802.911502344212
2012-08-06 14:28:26,4803.998737399231
2012-08-06 14:28:35,4805.760463373571
2012-08-06 14:28:45,4806.30748729923
2012-08-06 14:28:56,4807.862708416923
2012-08-06 14:29:05,4808.396315685659
2012-08-06 14:29:16,4808.516199540363
2012-08-06 14:29:26,4812.076811026182
2012-08-06 14:29:35,4813.60087499262
2012-08-06 14:29:46,4815.10712977165
2012-08-06 14:29:55,4816.665952970946
2012-08-06 14:30:06,4818.089308632592
2012-08-06 14:30:16,4820.06533959176
2012-08-06 14:30:25,4820.50463304201
2012-08-06 14:30:36,4821.188725258026
2012-08-06 14:30:45,4822.0827607981055
2012-08-06 14:30:56,4825.0429933079895
2012-08-06 14:31:06,4825.358236207732
2012-08-06 14:31:15,4828.08890311657
2012-08-06 14:31:26,4829.16320001307
2012-08-06 14:31:35,4832.791612803037
2012-08-06 14:31:45,4834.4647089401105
2012-08-06 14:31:56,4835.073435314226
2012-08-06 14:32:05,4836.483428781404
2012-08-06 14:32:16,4837.591609088076
2012-08-06 14:32:25,4837.908296358674
2012-08-06 14:32:35,4838.4326396883525
2012-08-06 14:32:46,4838.98737149475
2012-08-06 14:32:55,4840.147678644827
2012-08-06 14:33:06,4840.321731693746
2012-08-06 14:33:15,4840.7478591837735
2012-08-06 14:33:25,4843.804011379313
2012-08-06 14:33:36,4843.958437613183
2012-08-06 14:33:45,4844.069517284698
2012-08-06 14:33:56,4845.615376101673
2012-08-06 14:34:06,4847.46451445618
2012-08-06 14:34:15,4847.960571342723
2012-08-06 14:34:26,4850.448485469751
2012-08-06 14:34:35,4851.395111300197
2012-08-06 14:34:46,4854.513003385487
2012-08-06 14:34:56,4859.391399092412
2012-08-06 14:35:05,4861.151054672279
2012-08-06 14:35:16,4862.16290843033
2012-08-06 14:35:25,4862.60124712051
2012-08-06 14:35:36,4863.3271202123005
2012-08-06 14:35:46,4863.649891210969
2012-08-06 14:35:55,4865.649325320396
2012-08-06 14:36:06,4867.458135620439
2012-08-06 14:36:15,4867.867603205799
2012-08-06 14:36:25,4868.558749447717
2012-08-06 14:36:36,4869.147350278625
2012-08-06 14:36:45,4871.073525725959
2012-08-06 14:36:56,4872.944443893054
2012-08-06 14:37:05,4874.886876044484
2012-08-06 14:37:15,4875.815636800135
2012-08-06 14:37:26,4876.105349319861
2012-08-06 14:37:35,4876.5774340377475
2012-08-06 14:37:46,4877.490548216386
2012-08-06 14:37:55,4879.954060651826
2012-08-06 14:38:05,4881.851058734769
2012-08-06 14:38:16,4883.51097154558
2012-08-06 14:38:25,4884.470148375861
2012-08-06 14:38:36,4884.629386171306
2012-08-06 14:38:46,4888.915262683694
2012-08-06 14:38:55,4889.4257029719165
2012-08-06 14:39:06,4891.854270887488
2012-08-06 14:39:15,4892.811929309451
2012-08-06 14:39:26,4893.520434912733
2012-08-06 14:39:36,4894.293167221125
2012-08-06 14:39:45,4894.650162538778
2012-08-06 14:39:56,4899.3406308080175
2012-08-06 14:40:05,4904.049475561417
2012-08-06 14:40:16,4906.600763235008
2012-08-06 14:40:26,4910.342298561847
2012-08-06 14:40:35,4916.312363180226
2012-08-06 14:40:46,4923.910674239975
2012-08-06 14:40:55,4927.765300783304
2012-08-06 14:41:05,4931.635350612094
2012-08-06 14:41:16,4937.197386454264
2012-08-06 14:41:25,4938.423013686987
2012-08-06 14:41:36,4940.8995509960905
2012-08-06 14:41:45,4942.813271722943
2012-08-06 14:41:55,4944.057084540408
2012-08-06 14:42:06,4944.56251996242
2012-08-06 14:42:15,4944.869620620357
2012-08-06 14:42:26,4945.558332467009
2012-08-06 14:42:35,4947.36380893667
2012-08-06 14:42:45,4947.971905251503
2012-08-06 14:42:56,4948.228241266852
2012-08-06 14:43:05,4951.028085006886
2012-08-06 14:43:16,4954.5331548434
2012-08-06 14:43:26,4956.903352243847
2012-08-06 14:43:35,4957.346108116003
2012-08-06 14:43:46,4962.13443463552
2012-08-06 14:43:55,4963.415778241704
2012-08-06 14:44:06,4965.510964443674
2012-08-06 14:44:16,4967.358558702805
2012-08-06 14:44:25,4970.79209059285
2012-08-06 14:44:36,4974.311600708412
2012-08-06 14:44:45,4978.571628134726
2012-08-06 14:44:56,4979.769046509044
2012-08-06 14:45:06,4980.507057329324
2012-08-06 14:45:15,4980.9417261968265
2012-08-06 14:45:26,4981.247813622415
2012-08-06 14:45:35,4981.65665654932
2012-08-06 14:45:45,4982.099630329708
2012-08-06 14:45:56,4983.242322757453
2012-08-06 14:46:05,4985.722255872533
2012-08-06 14:46:16,4985.857690550634
2012-08-06 14:46:25,4987.841995397394
2012-08-06 14:46:35,4991.458130102056
2012-08-06 14:46:46,4994.567618556267
2012-08-06 14:46:55,4999.462226189185
2012-08-06 14:47:06,5003.836566289372
2012-08-06 14:47:16,5007.177255547828
2012-08-06 14:47:25,5009.144804765504
2012-08-06 14:47:36,5009.51583732876
2012-08-06 14:47:45,5010.027027737959
2012-08-06 14:47:56,5010.271269264328
2012-08-06 14:48:06,5010.780532084999
2012-08-06 14:48:15,5014.448271799411
2012-08-06 14:48:26,5015.696974017407
2012-08-06 14:48:35,5017.417676144014
2012-08-06 14:48:46,5020.273886905366
2012-08-06 14:48:56,5022.524320669693
2012-08-06 14:49:05,5026.434523749256
2012-08-06 14:49:16,5030.348791615798
2012-08-06 14:49:25,5031.382286836066
2012-08-06 14:49:36,5033.431333431358
2012-08-06 14:49:46,5033.944035596032
2012-08-06 14:49:55,5035.354108489066
2012-08-06 14:50:06,5036.608131823879
2012-08-06 14:50:15,5037.981092174758
2012-08-06 14:50:25,5038.767534320151
2012-08-06 14:50:36,5039.075923070625
2012-08-06 14:50:45,5039.799941710077
2012-08-06 14:50:56,5040.364168285297
2012-08-06 14:51:05,5040.9696546773275
2012-08-06 14:51:15,5042.651304724292
2012-08-06 14:51:26,5043.45990310163
2012-08-06 14:51:35,5045.036717245659
2012-08-06 14:51:46,5046.338190043552
2012-08-06 14:51:56,5047.09103460374
2012-08-06 14:52:05,5047.620441710635
2012-08-06 14:52:16,5048.043703413486
2012-08-06 14:52:25,5050.002099798964
2012-08-06 14:52:36,5050.567838133621
2012-08-06 14:52:46,5053.979922531755
2012-08-06 14:52:55,5058.0429890178975
2012-08-06 14:53:06,5061.770496361867
2012-08-06 14:53:15,5063.4003521302375
2012-08-06 14:53:26,5066.926355158394
2012-08-06 14:53:36,5071.476082859918
2012-08-06 14:53:45,5077.324215687372
2012-08-06 14:53:56,5078.362387298738
2012-08-06 14:54:05,5079.315304301196
2012-08-06 14:54:15,5081.223087338849
2012-08-06 14:54:26,5081.562614230392
2012-08-06 14:54:35,5084.248607513191
2012-08-06 14:54:46,5084.448935228309
2012-08-06 14:54:55,5084.50460853072
2012-08-06 14:55:05,5086.811158023585
2012-08-06 14:55:16,5088.563792139028
2012-08-06 14:55:25,5091.782024534302
2012-08-06 14:55:36,5095.726057974787
2012-08-06 14:55:45,5096.316325329709
2012-08-06 14:55:55,5098.274290106294
2012-08-06 14:56:06,5099.164491046218
2012-08-06 14:56:15,5100.250461089403
2012-08-06 14:56:26,5101.189936282246
2012-08-06 14:56:36,5101.874674564453
2012-08-06 14:56:45,5101.964435876002
2012-08-06 14:56:56,5102.07889420681
2012-08-06 14:57:05,5103.229384891236
2012-08-06 14:57:16,5104.295026874448
2012-08-06 14:57:26,5104.909227935204
2012-08-06 14:57:35,5105.754669981554
2012-08-06 14:57:46,5108.892657481309
2012-08-06 14:57:55,5115.428963206774
2012-08-06 14:58:06,5117.551415431142
2012-08-06 14:58:16,5119.834902928991
2012-08-06 14:58:25,5128.80481472498
2012-08-06 14:58:36,5131.568710639345
2012-08-06 14:58:45,5134.645272936788
2012-08-06 14:58:55,5135.47241205042
2012-08-06 14:59:06,5135.959309782914
2012-08-06 14:59:15,5137.060558747671
2012-08-06 14:59:26,5137.2886669051
2012-08-06 14:59:35,5138.606861694636
2012-08-06 14:59:45,5140.068905334454
2012-08-06 14:59:56,5142.39545447425
2012-08-06 15:00:05,5142.560379072213
2012-08-06 15:00:16,5143.486909952506
2012-08-06 15:00:25,5144.048933171433
2012-08-06 15:00:35,5144.325587731784
2012-08-06 15:00:46,5146.609382007511
2012-08-06 15:00:55,5147.851518077545
2012-08-06 15:01:06,5148.40252582852
2012-08-06 15:01:16,5148.696225857453
2012-08-06 15:01:25,5148.855463560421
2012-08-06 15:01:36,5149.801458822287
2012-08-06 15:01:45,5154.758791427882
2012-08-06 15:01:56,5157.319339570267
2012-08-06 15:02:06,5157.610736031654
2012-08-06 15:02:15,5160.011225355529
2012-08-06 15:02:26,5164.9614437603805
2012-08-06 15:02:35,5166.429706974195
2012-08-06 15:02:46,5167.31727677058
2012-08-06 15:02:56,5171.40854366466
2012-08-06 15:03:05,5173.482276797655
2012-08-06 15:03:16,5174.906952848336
2012-08-06 15:03:25,5176.248892769215
2012-08-06 15:03:35,5177.457755920981
2012-08-06 15:03:46,5179.624873805357
2012-08-06 15:03:55,5180.090508626481
2012-08-06 15:04:06,5182.00077749468
2012-08-06 15:04:15,5183.252070240194
2012-08-06 15:04:25,5184.231778719865
2012-08-06 15:04:36,5185.153089595583
2012-08-06 15:04:45,5186.001309581035
2012-08-06 15:04:56,5187.066627702078
2012-08-06 15:05:05,5190.555509433492
2012-08-06 15:05:15,5191.897350895252
2012-08-06 15:05:26,5192.871146332388
2012-08-06 15:05:35,5194.186207870272
2012-08-06 15:05:46,5194.53995865458
2012-08-06 15:05:56,5195.380969906099
2012-08-06 15:06:05,5199.251051804303
2012-08-06 15:06:16,5205.807124092095
2012-08-06 15:06:25,5209.715784521466
2012-08-06 15:06:36,5211.429691155356
2012-08-06 15:06:46,5211.633231629165
2012-08-06 15:06:55,5212.520122152902
2012-08-06 15:07:06,5213.578532027943
2012-08-06 15:07:15,5214.820312043769
2012-08-06 15:07:26,5218.408521303955
2012-08-06 15:07:36,5219.33126320353
2012-08-06 15:07:45,5219.757930823759
2012-08-06 15:07:56,5222.440999381577
2012-08-06 15:08:05,5223.660374636857
2012-08-06 15:08:15,5224.151773961676
2012-08-06 15:08:26,5224.328739351999
2012-08-06 15:08:35,5224.4922905636895
2012-08-06 15:08:46,5225.361874608387
2012-08-06 15:08:55,5226.282001223153
2012-08-06 15:09:05,5227.157552927716
2012-08-06 15:09:16,5231.389886454788
2012-08-06 15:09:25,5232.605689965674
2012-08-06 15:09:36,5232.864934875258
2012-08-06 15:09:46,5233.218405747783
2012-08-06 15:09:55,5233.638846011607
2012-08-06 15:10:06,5233.966452461133
2012-08-06 15:10:15,5234.589173285207
2012-08-06 15:10:26,5234.98082432916
2012-08-06 15:10:36,5235.346494173388
2012-08-06 15:10:45,5235.751598331338
2012-08-06 15:10:56,5238.883103917316
2012-08-06 15:11:05,5240.246316487711
2012-08-06 15:11:16,5240.631310214534
2012-08-06 15:11:26,5241.482204021211
2012-08-06 15:11:35,5241.80497482634
2012-08-06 15:11:46,5241.926638531549
2012-08-06 15:11:55,5242.234511556873
2012-08-06 15:12:06,5242.651234154733
2012-08-06 15:12:16,5244.928875857266
2012-08-06 15:12:25,5247.608846177185
2012-08-06 15:12:36,5249.230112335347
2012-08-06 15:12:45,5251.169506820875
2012-08-06 15:12:55,5252.076961928419
2012-08-06 15:13:06,5253.201024482692
2012-08-06 15:13:15,5254.124202168449
2012-08-06 15:13:26,5255.188657651411
2012-08-06 15:13:35,5255.941502029552
2012-08-06 15:13:45,5256.276273449025
2012-08-06 15:13:56,5257.006740766977
2012-08-06 15:14:05,5257.912394975609
2012-08-06 15:14:16,5259.700526276161
2012-08-06 15:14:26,5260.29359955368
2012-08-06 15:14:35,5260.696406718193
2012-08-06 15:14:46,5261.045524737813
2012-08-06 15:14:55,5261.2801815581615
2012-08-06 15:15:06,5262.65314154973
2012-08-06 15:15:16,5263.287341528815
2012-08-06 15:15:25,5263.6579778151745
2012-08-06 15:15:36,5263.809076607892
2012-08-06 15:15:45,5265.275858556456
2012-08-06 15:15:56,5268.128266933493
2012-08-06 15:16:06,5271.059971721993
2012-08-06 15:16:15,5272.800010893063
2012-08-06 15:16:26,5275.2253388671525
2012-08-06 15:16:35,5277.3707927001415
2012-08-06 15:16:45,5279.900410490148
2012-08-06 15:16:56,5280.505914536607
2012-08-06 15:17:05,5281.723096547632
2012-08-06 15:17:16,5282.4460460507225
2012-08-06 15:17:25,5284.227728855269
2012-08-06 15:17:35,5285.64794516969
2012-08-06 15:17:46,5285.841173958599
2012-08-06 15:17:55,5289.125376964474
2012-08-06 15:18:06,5290.406301173409
2012-08-06 15:18:15,5291.005199181706
2012-08-06 15:18:25,5291.22372089655
2012-08-06 15:18:36,5292.102307185493
2012-08-06 15:18:45,5295.177692322093
2012-08-06 15:18:56,5297.16658101405
2012-08-06 15:19:06,5298.404979858614
2012-08-06 15:19:15,5299.484183833251
2012-08-06 15:19:26,5302.769454373942
2012-08-06 15:19:35,5302.9391067155
2012-08-06 15:19:46,5303.239945910227
2012-08-06 15:19:56,5303.950095390858
2012-08-06 15:20:05,5304.179012045793
2012-08-06 15:20:16,5304.446605577977
2012-08-06 15:20:25,5304.814823548135
2012-08-06 15:20:36,5305.239019812892
2012-08-06 15:20:46,5305.732350038661
2012-08-06 15:20:55,5305.9987306203875
2012-08-06 15:21:06,5306.192100224156
2012-08-06 15:21:15,5306.87891675617
2012-08-06 15:21:25,5307.341930498004
2012-08-06 15:21:36,5309.713639458182
2012-08-06 15:21:45,5310.530884234958
2012-08-06 15:21:56,5311.965891137433
2012-08-06 15:22:05,5312.258578445015
2012-08-06 15:22:15,5312.600084874495
2012-08-06 15:22:26,5316.176475917986
2012-08-06 15:22:35,5316.317225730898
2012-08-06 15:22:46,5316.871830403806
2012-08-06 15:22:55,5317.706929874179
2012-08-06 15:23:05,5318.319943835859
2012-08-06 15:23:16,5321.620084789316
2012-08-06 15:23:25,5322.902896687293
2012-08-06 15:23:36,5324.255575653032
2012-08-06 15:23:46,5327.028183677639
2012-08-06 15:23:55,5332.0116313760145
2012-08-06 15:24:06,5332.6475296122335
2012-08-06 15:24:15,5332.910684828055
2012-08-06 15:24:26,5333.295678578269
2012-08-06 15:24:36,5333.385301949828
2012-08-06 15:24:45,5334.498580065905
2012-08-06 15:24:56,5335.9836128698735
2012-08-06 15:25:05,5337.237955990783
2012-08-06 15:25:16,5337.846723065355
2012-08-06 15:25:26,5340.188490896284
2012-08-06 15:25:35,5343.888393998618
2012-08-06 15:25:46,5344.823452960745
2012-08-06 15:25:55,5345.078958895741
2012-08-06 15:26:05,5345.526368405071
2012-08-06 15:26:16,5346.208879774677
2012-08-06 15:26:25,5347.913383092793
2012-08-06 15:26:36,5349.648063201861
2012-08-06 15:26:45,5350.307331640873
2012-08-06 15:26:55,5351.913572733099
2012-08-06 15:27:06,5352.518495412657
2012-08-06 15:27:15,5356.179147535978
2012-08-06 15:27:26,5357.46440972007
2012-08-06 15:27:35,5359.797153491279
2012-08-06 15:27:45,5362.019111728959
2012-08-06 15:27:56,5362.543111856288
2012-08-06 15:28:05,5362.97458804574
2012-08-06 15:28:16,5365.032592020396
2012-08-06 15:28:26,5365.732580608292
2012-08-06 15:28:35,5366.04939418713
2012-08-06 15:28:46,5366.273176539534
2012-08-06 15:28:55,5367.316825772446
2012-08-06 15:29:06,5367.613835581897
2012-08-06 15:29:16,5368.494585513717
2012-08-06 15:29:25,5372.326751095871
2012-08-06 15:29:36,5373.025203275782
2012-08-06 15:29:45,5373.46224668591
2012-08-06 15:29:56,5374.3376900388275
2012-08-06 15:30:06,5374.549537484966
2012-08-06 15:30:15,5375.032904954326
2012-08-06 15:30:26,5375.223017973452
2012-08-06 15:30:35,5376.29938245344
2012-08-06 15:30:45,5376.6458719013835
2012-08-06 15:30:56,5377.310985018289
2012-08-06 15:31:05,5377.95036542939
2012-08-06 15:31:16,5380.278637925034
2012-08-06 15:31:25,5383.008678807838
2012-08-06 15:31:35,5383.588787585748
2012-08-06 15:31:46,5383.96696629751
2012-08-06 15:31:55,5384.697289350178
2012-08-06 15:32:06,5385.734390943205
2012-08-06 15:32:16,5386.7000362871395
2012-08-06 15:32:25,5387.242742001526
2012-08-06 15:32:36,5390.589673590115
2012-08-06 15:32:45,5394.878290359481
2012-08-06 15:32:56,5397.935664728694
2012-08-06 15:33:06,5403.988397775915
2012-08-06 15:33:15,5404.128395484151
2012-08-06 15:33:26,5409.279911111946
2012-08-06 15:33:35,5414.357199974042
2012-08-06 15:33:46,5416.152641544456
2012-08-06 15:33:56,5417.713894498818
2012-08-06 15:34:05,5420.889078816804
2012-08-06 15:34:16,5421.01829338168
2012-08-06 15:34:25,5421.147915824965
2012-08-06 15:34:36,5422.120507927621
2012-08-06 15:34:46,5427.68649624755
2012-08-06 15:34:55,5429.429806925376
2012-08-06 15:35:06,5432.852765236695
2012-08-06 15:35:15,5433.211047893922
2012-08-06 15:35:25,5433.337683779561
2012-08-06 15:35:36,5439.23467336221
2012-08-06 15:35:45,5448.374252573134
2012-08-06 15:35:56,5452.3094498418095
2012-08-06 15:36:05,5452.592278204416
2012-08-06 15:36:15,5456.9426997223145
2012-08-06 15:36:26,5461.443877170913
2012-08-06 15:36:35,5464.407007622424
2012-08-06 15:36:46,5464.890456265152
2012-08-06 15:36:56,5466.664236974535
2012-08-06 15:37:05,5469.096437519243
2012-08-06 15:37:16,5472.697282744279
2012-08-06 15:37:25,5478.566457987139
2012-08-06 15:37:36,5483.3608935866905
2012-08-06 15:37:46,5487.088510550947
2012-08-06 15:37:55,5491.89660248214
2012-08-06 15:38:06,5494.068022568487
2012-08-06 15:38:15,5494.327142129274
2012-08-06 15:38:26,5495.346414526217
2012-08-06 15:38:36,5500.7518072980065
2012-08-06 15:38:45,5501.841691608247
2012-08-06 15:38:56,5505.308033503506
2012-08-06 15:39:05,5508.115034704784
2012-08-06 15:39:15,5511.834322797754
2012-08-06 15:39:26,5513.792717989986
2012-08-06 15:39:35,5516.937070644286
2012-08-06 15:39:46,5519.659683805465
2012-08-06 15:39:55,5524.103078338018
2012-08-06 15:40:05,5527.019439544758
2012-08-06 15:40:16,5528.896693849759
2012-08-06 15:40:25,5529.262666838869
2012-08-06 15:40:36,5529.824757184527
2012-08-06 15:40:45,5531.190988922007
2012-08-06 15:40:55,5532.876282847278
2012-08-06 15:41:06,5537.595778045181
2012-08-06 15:41:15,5543.367654220647
2012-08-06 15:41:26,5547.064771424105
2012-08-06 15:41:36,5548.667798765863
2012-08-06 15:41:45,5551.416322706241
2012-08-06 15:41:56,5552.747977282726
2012-08-06 15:42:05,5554.978679234348
2012-08-06 15:42:16,5555.597803740923
2012-08-06 15:42:26,5558.70364597481
2012-08-06 15:42:35,5560.80823585794
2012-08-06 15:42:46,5565.204704293991
2012-08-06 15:42:55,5566.468096131652
2012-08-06 15:43:06,5569.730727685878
2012-08-06 15:43:16,5573.541929328335
2012-08-06 15:43:25,5574.109074871787
2012-08-06 15:43:36,5575.416904482815
2012-08-06 15:43:45,5579.338683623657
2012-08-06 15:43:55,5583.978557155636
2012-08-06 15:44:06,5585.265524748464
2012-08-06 15:44:15,5585.722016654176
2012-08-06 15:44:26,5587.77726607644
2012-08-06 15:44:35,5590.90343487999
2012-08-06 15:44:45,5592.195246972986
2012-08-06 15:44:56,5595.835468044985
2012-08-06 15:45:05,5605.499277407115
2012-08-06 15:45:16,5612.2172869868045
2012-08-06 15:45:25,5619.121625422379
2012-08-06 15:45:35,5621.729328361964
2012-08-06 15:45:46,5624.559282009829
2012-08-06 15:45:55,5629.765388264579
2012-08-06 15:46:06,5632.529052636991
2012-08-06 15:46:16,5634.593581923255
2012-08-06 15:46:25,5636.118615346533
2012-08-06 15:46:36,5636.564550555428
2012-08-06 15:46:45,5640.393713996182
2012-08-06 15:46:56,5641.113250780222
2012-08-06 15:47:06,5641.386144672911
2012-08-06 15:47:15,5642.050093795361
2012-08-06 15:47:26,5642.663398100948
2012-08-06 15:47:35,5647.087948232188
2012-08-06 15:47:46,5648.082217114155
2012-08-06 15:47:56,5648.691275900298
2012-08-06 15:48:05,5651.721349366279
2012-08-06 15:48:16,5652.80117045538
2012-08-06 15:48:25,5660.141689428471
2012-08-06 15:48:35,5663.679741047063
2012-08-06 15:48:46,5665.99032835694
2012-08-06 15:48:55,5667.404934911349
2012-08-06 15:49:06,5669.6296832445405
2012-08-06 15:49:15,5671.741181571581
2012-08-06 15:49:25,5672.413117569325
2012-08-06 15:49:36,5672.984184605724
2012-08-06 15:49:45,5673.313116002452
2012-08-06 15:49:56,5674.536628895319
2012-08-06 15:50:05,5674.795295695751
2012-08-06 15:50:15,5679.950831032271
2012-08-06 15:50:26,5687.759057068046
2012-08-06 15:50:35,5694.521972416449
2012-08-06 15:50:46,5699.3004405389765
2012-08-06 15:50:56,5701.680400510645
2012-08-06 15:51:05,5702.709389000763
2012-08-06 15:51:16,5705.281701926797
2012-08-06 15:51:25,5707.88313189938
2012-08-06 15:51:36,5712.102254177634
2012-08-06 15:51:46,5712.547746454209
2012-08-06 15:51:55,5720.450114119796
2012-08-06 15:52:06,5728.209896982361
2012-08-06 15:52:15,5734.32147913908
2012-08-06 15:52:26,5743.902667208416
2012-08-06 15:52:36,5753.573262995486
2012-08-06 15:52:45,5761.638999366621
2012-08-06 15:52:56,5766.834209551197
2012-08-06 15:53:05,5768.159238391886
2012-08-06 15:53:15,5773.758157918386
2012-08-06 15:53:26,5778.467004844737
2012-08-06 15:53:35,5785.494353238164
2012-08-06 15:53:46,5791.92754857218
2012-08-06 15:53:55,5796.312650434861
2012-08-06 15:54:05,5802.022874941315
2012-08-06 15:54:16,5806.519295506644
2012-08-06 15:54:25,5811.213057969193
2012-08-06 15:54:36,5816.12906113756
2012-08-06 15:54:46,5818.638498400519
2012-08-06 15:54:55,5819.356980649474
2012-08-06 15:55:06,5822.705484930135
2012-08-06 15:55:15,5824.669469941356
2012-08-06 15:55:26,5828.446087223437
2012-08-06 15:55:36,5829.638855434478
2012-08-06 15:55:45,5829.907707590785
2012-08-06 15:55:56,5831.265967093112
2012-08-06 15:56:05,5835.773501586265
2012-08-06 15:56:16,5836.176449958177
2012-08-06 15:56:26,5838.18902180571
2012-08-06 15:56:35,5845.013858877881
2012-08-06 15:56:46,5849.45645773965
2012-08-06 15:56:55,5855.156889730727
2012-08-06 15:57:06,5862.26873116795
2012-08-06 15:57:16,5870.485737642025
2012-08-06 15:57:25,5879.450566421269
2012-08-06 15:57:36,5888.027748155224
2012-08-06 15:57:45,5895.442821075776
2012-08-06 15:57:55,5901.148983532013
2012-08-06 15:58:06,5905.50631542752
2012-08-06 15:58:15,5909.100069474149
2012-08-06 15:58:26,5913.613042672733
2012-08-06 15:58:35,5917.637646102677
2012-08-06 15:58:45,5918.00653268865
2012-08-06 15:58:56,5921.68521927371
2012-08-06 15:59:05,5926.418068022112
2012-08-06 15:59:16,5927.964719392117
2012-08-06 15:59:26,5929.489033404696
2012-08-06 15:59:35,5934.644501310088
2012-08-06 15:59:46,5941.25195339374
2012-08-06 15:59:55,5945.7191080727025
2012-08-06 16:00:06,5947.553734155084
2012-08-06 16:00:16,5950.83434150964
2012-08-06 16:00:25,5953.129020016309
2012-08-06 16:00:36,5955.58881684899
2012-08-06 16:00:45,5962.778159931314
2012-08-06 16:00:56,5963.882271869901
2012-08-06 16:01:06,5968.207490901034
2012-08-06 16:01:15,5969.936789993336
2012-08-06 16:01:26,5975.6754059628465
2012-08-06 16:01:35,5977.712909481132
2012-08-06 16:01:45,5980.589653333377
2012-08-06 16:01:56,5981.195419469744
2012-08-06 16:02:05,5982.612807657276
2012-08-06 16:02:16,5984.193757486869
2012-08-06 16:02:25,5988.97929042143
2012-08-06 16:02:35,5994.6165783589895
2012-08-06 16:02:46,5994.821102465915
2012-08-06 16:02:55,5995.234370982914
2012-08-06 16:03:06,5995.463687840727
2012-08-06 16:03:15,5996.850750530713
2012-08-06 16:03:25,5997.355556126149
2012-08-06 16:03:36,5998.486399818328
2012-08-06 16:03:45,6001.02033907784
2012-08-06 16:03:56,6001.577031344759
2012-08-06 16:04:06,6001.762547568052
2012-08-06 16:04:15,6001.908978649115
2012-08-06 16:04:26,6002.3331749396975
2012-08-06 16:04:35,6002.766999176494
2012-08-06 16:04:46,6003.191195468032
2012-08-06 16:04:56,6003.756723181322
2012-08-06 16:05:05,6003.968689276099
2012-08-06 16:05:16,6004.015772243544
2012-08-06 16:05:25,6004.2361573741155
2012-08-06 16:05:36,6004.509669192215
2012-08-06 16:05:46,6004.683024152487
2012-08-06 16:05:55,6004.793895667594
2012-08-06 16:06:06,6005.671842749001
2012-08-06 16:06:15,6006.147484728233
2012-08-06 16:06:25,6006.811928566811
2012-08-06 16:06:36,6007.145415871456
2012-08-06 16:06:45,6007.19514529447
2012-08-06 16:06:56,6008.042828994462
2012-08-06 16:07:05,6008.532969258935
2012-08-06 16:07:15,6009.067890603946
2012-08-06 16:07:26,6009.699901136395
2012-08-06 16:07:35,6010.133368567797
2012-08-06 16:07:46,6010.740114263305
2012-08-06 16:07:55,6011.034850121951
2012-08-06 16:08:05,6012.909199539855
2012-08-06 16:08:16,6014.328465028411
2012-08-06 16:08:25,6016.339460438881
2012-08-06 16:08:36,6016.51870720672
2012-08-06 16:08:46,6018.35526333883
2012-08-06 16:08:55,6020.777246918414
2012-08-06 16:09:06,6024.329662157826
2012-08-06 16:09:15,6026.927365247271
2012-08-06 16:09:26,6027.1817530047
2012-08-06 16:09:36,6030.156701850751
2012-08-06 16:09:45,6035.178098410683
2012-08-06 16:09:56,6038.004125398135
2012-08-06 16:10:05,6042.641306887659
2012-08-06 16:10:16,6048.867584363853
2012-08-06 16:10:26,6051.0388826327535
2012-08-06 16:10:35,6055.566786564569
2012-08-06 16:10:46,6058.904771969686
2012-08-06 16:10:55,6060.634526489138
2012-08-06 16:11:05,6063.258823540268
2012-08-06 16:11:16,6066.347941791189
2012-08-06 16:11:25,6071.452638600628
2012-08-06 16:11:36,6071.862106041668
2012-08-06 16:11:45,6072.424181941533
2012-08-06 16:11:55,6075.769110424337
2012-08-06 16:12:06,6080.1984511226965
2012-08-06 16:12:15,6087.005047533628
2012-08-06 16:12:26,6094.2803969574015
2012-08-06 16:12:35,6101.491746107314
2012-08-06 16:12:45,6104.8087292010105
2012-08-06 16:12:56,6109.759600348242
2012-08-06 16:13:05,6114.9975660594255
2012-08-06 16:13:16,6120.946007518715
2012-08-06 16:13:26,6126.332995197509
2012-08-06 16:13:35,6132.384995309351
2012-08-06 16:13:46,6136.000543450117
2012-08-06 16:13:55,6139.1265648020735
2012-08-06 16:14:06,6144.015302006159
2012-08-06 16:14:16,6145.0726797624775
2012-08-06 16:14:25,6147.932172205265
2012-08-06 16:14:36,6148.200606840018
2012-08-06 16:14:45,6148.274901813291
2012-08-06 16:14:56,6148.594248923838
2012-08-06 16:15:06,6153.094416806313
2012-08-06 16:15:15,6157.124868492518
2012-08-06 16:15:26,6161.308067739911
2012-08-06 16:15:35,6165.943750249634
2012-08-06 16:15:45,6167.338486699218
2012-08-06 16:15:56,6168.92703694047
2012-08-06 16:16:05,6173.108792313263
2012-08-06 16:16:16,6174.500584712839
2012-08-06 16:16:25,6175.0179185366915
2012-08-06 16:16:35,6175.858308030272
2012-08-06 16:16:46,6178.848436993293
2012-08-06 16:16:55,6179.074082934357
2012-08-06 16:17:06,6182.1188295656275
2012-08-06 16:17:16,6183.643143042645
2012-08-06 16:17:25,6190.388155381705
2012-08-06 16:17:36,6194.5865847446485
2012-08-06 16:17:45,6201.367980643716
2012-08-06 16:17:56,6205.681568612956
2012-08-06 16:18:06,6214.267181977669
2012-08-06 16:18:15,6222.417371348284
2012-08-06 16:18:26,6229.703685028107
2012-08-06 16:18:35,6238.612259878193
2012-08-06 16:18:46,6238.997253538192
2012-08-06 16:18:56,6239.362244575354
2012-08-06 16:19:05,6242.824773836686
2012-08-06 16:19:16,6246.220752898743
2012-08-06 16:19:25,6249.553821807692
2012-08-06 16:19:36,6249.87659255921
2012-08-06 16:19:46,6250.458377524881
2012-08-06 16:19:55,6256.16105596858
2012-08-06 16:20:06,6260.253182225253
2012-08-06 16:20:15,6260.942342081612
2012-08-06 16:20:25,6261.344567300029
2012-08-06 16:20:36,6261.9028332707485
2012-08-06 16:20:45,6262.067757848718
2012-08-06 16:20:56,6262.246255414276
2012-08-06 16:21:05,6262.595831863902
2012-08-06 16:21:15,6262.961804966517
2012-08-06 16:21:26,6263.508411365624
2012-08-06 16:21:35,6265.655824338145
2012-08-06 16:21:46,6272.388022671911
2012-08-06 16:21:56,6275.594772210191
2012-08-06 16:22:05,6279.068094250406
2012-08-06 16:22:16,6284.540046534513
2012-08-06 16:22:25,6287.817837991124
2012-08-06 16:22:36,6293.654326076946
2012-08-06 16:22:46,6296.5929744381665
2012-08-06 16:22:55,6299.874803589824
2012-08-06 16:23:06,6304.891767582139
2012-08-06 16:23:15,6307.599203528366
2012-08-06 16:23:26,6308.768650999187
2012-08-06 16:23:36,6309.416363425434
2012-08-06 16:23:45,6311.017558730849
2012-08-06 16:23:56,6311.323646028331
2012-08-06 16:24:05,6311.5797432477575
2012-08-06 16:24:15,6313.123198872637
2012-08-06 16:24:26,6314.893167717966
2012-08-06 16:24:35,6315.159228160245
2012-08-06 16:24:46,6315.742021186797
2012-08-06 16:24:55,6323.949523430568
2012-08-06 16:25:05,6327.685638041987
2012-08-06 16:25:16,6335.053963015013
2012-08-06 16:25:25,6337.825223873743
2012-08-06 16:25:36,6344.053860495257
2012-08-06 16:25:45,6350.6556739253565
2012-08-06 16:25:55,6355.631371148821
2012-08-06 16:26:06,6359.729881217983
2012-08-06 16:26:15,6362.298456021409
2012-08-06 16:26:26,6365.739966633326
2012-08-06 16:26:36,6367.010805131924
2012-08-06 16:26:45,6367.1377012947605
2012-08-06 16:26:56,6367.88862762616
2012-08-06 16:27:05,6373.0329440851065
2012-08-06 16:27:16,6375.464818012272
2012-08-06 16:27:26,6376.799079735231
2012-08-06 16:27:35,6382.323606717501
2012-08-06 16:27:46,6384.788097638391
2012-08-06 16:27:55,6388.592276030304
2012-08-06 16:28:06,6394.367009892506
2012-08-06 16:28:16,6400.5839580031725
2012-08-06 16:28:25,6402.060072401492
2012-08-06 16:28:36,6402.41413565743
2012-08-06 16:28:45,6403.145475030309
2012-08-06 16:28:55,6405.0265752817495
2012-08-06 16:29:06,6405.347089809936
2012-08-06 16:29:15,6408.562243288832
2012-08-06 16:29:26,6412.098603692167
2012-08-06 16:29:35,6414.850903841488
2012-08-06 16:29:45,6415.639712344465
2012-08-06 16:29:56,6419.363156124181
2012-08-06 16:30:05,6420.697688527556
2012-08-06 16:30:16,6424.848790282909
2012-08-06 16:30:25,6425.0836621281105
2012-08-06 16:30:35,6431.708188843836
2012-08-06 16:30:46,6439.306814939254
2012-08-06 16:30:55,6444.588914380301
2012-08-06 16:31:06,6449.961796114721
2012-08-06 16:31:16,6454.691845542255
2012-08-06 16:31:25,6456.082877914094
2012-08-06 16:31:36,6464.547441995689
2012-08-06 16:31:45,6471.614064872462
2012-08-06 16:31:56,6472.564910932195
2012-08-06 16:32:06,6478.481173275225
2012-08-06 16:32:15,6484.068942482089
2012-08-06 16:32:26,6491.367121255922
2012-08-06 16:32:35,6497.494881635625
2012-08-06 16:32:46,6499.7066564912775
2012-08-06 16:32:56,6500.391121549663
2012-08-06 16:33:05,6500.437012951789
2012-08-06 16:33:16,6500.684382826244
2012-08-06 16:33:25,6501.265564746369
2012-08-06 16:33:35,6501.825780220395
2012-08-06 16:33:46,6502.434547187916
2012-08-06 16:33:55,6502.816144397723
2012-08-06 16:34:06,6507.817351771531
2012-08-06 16:34:15,6510.9408458724365
2012-08-06 16:34:25,6511.795182321305
2012-08-06 16:34:36,6511.919505833275
2012-08-06 16:34:45,6516.159417230843
2012-08-06 16:34:56,6521.443014483069
2012-08-06 16:35:05,6525.826527416696
2012-08-06 16:35:15,6531.979374653392
2012-08-06 16:35:26,6536.611267812
2012-08-06 16:35:35,6544.253988993862
2012-08-06 16:35:46,6549.945108983387
2012-08-06 16:35:56,6550.465471090288
2012-08-06 16:36:05,6551.431452241303
2012-08-06 16:36:16,6552.090246163155
2012-08-06 16:36:25,6552.660250075148
2012-08-06 16:36:36,6553.163238254054
2012-08-06 16:36:46,6553.574310953204
2012-08-06 16:36:55,6553.810809632082
2012-08-06 16:37:06,6554.690495852795
2012-08-06 16:37:15,6555.5169972216445
2012-08-06 16:37:26,6555.673435012078
2012-08-06 16:37:36,6556.031928421773
2012-08-06 16:37:45,6556.473077353791
2012-08-06 16:37:56,6556.8996480610695
2012-08-06 16:38:05,6557.586833433491
2012-08-06 16:38:15,6558.184758627607
2012-08-06 16:38:26,6559.709295827527
2012-08-06 16:38:35,6560.0029958068035
2012-08-06 16:38:46,6560.147895327821
2012-08-06 16:38:55,6561.3324821937995
2012-08-06 16:39:05,6561.45171634138
2012-08-06 16:39:16,6562.448283723895
2012-08-06 16:39:25,6562.8825354157225
2012-08-06 16:39:36,6563.076357207768
2012-08-06 16:39:46,6563.87254560963
2012-08-06 16:39:55,6564.760818695975
2012-08-06 16:40:06,6565.729488295283
2012-08-06 16:40:15,6566.615837465402
2012-08-06 16:40:26,6567.147933476775
2012-08-06 16:40:36,6567.243501901147
2012-08-06 16:40:45,6567.778990335427
2012-08-06 16:40:56,6568.375161070701
2012-08-06 16:41:05,6568.893501132595
2012-08-06 16:41:16,6568.960790757572
2012-08-06 16:41:26,6569.840476977065
2012-08-06 16:41:35,6570.43522327502
2012-08-06 16:41:46,6571.044037468969
2012-08-06 16:41:55,6571.661841466572
2012-08-06 16:42:06,6571.960677912536
2012-08-06 16:42:16,6573.264809928888
2012-08-06 16:42:25,6581.562277790627
2012-08-06 16:42:36,6587.748654276872
2012-08-06 16:42:45,6593.667714397461
2012-08-06 16:42:55,6598.943802668116
2012-08-06 16:43:06,6605.287180574404
2012-08-06 16:43:15,6615.725926866571
2012-08-06 16:43:26,6617.603734243158
2012-08-06 16:43:35,6617.91862806097
2012-08-06 16:43:45,6618.507525524936
2012-08-06 16:43:56,6619.174864635535
2012-08-06 16:44:05,6619.655274265106
2012-08-06 16:44:16,6620.23027472442
2012-08-06 16:44:26,6620.588768154681
2012-08-06 16:44:35,6621.0452601036795
2012-08-06 16:44:46,6621.742861183807
2012-08-06 16:44:55,6622.322969719337
2012-08-06 16:45:06,6622.800811858782
2012-08-06 16:45:16,6622.988837487558
2012-08-06 16:45:25,6623.128141366379
2012-08-06 16:45:36,6623.341475134214
2012-08-06 16:45:45,6623.8103064724355
2012-08-06 16:45:56,6624.289561874459
2012-08-06 16:46:06,6624.657005633616
2012-08-06 16:46:15,6624.832266462669
2012-08-06 16:46:26,6625.125128558277
2012-08-06 16:46:35,6625.350774431571
2012-08-06 16:46:45,6625.512816093354
2012-08-06 16:46:56,6631.862411719085
2012-08-06 16:47:05,6634.59330329832
2012-08-06 16:47:16,6634.906834492446
2012-08-06 16:47:25,6635.409192726935
2012-08-06 16:47:35,6638.558241433131
2012-08-06 16:47:46,6638.755984324652
2012-08-06 16:47:55,6639.355432723684
2012-08-06 16:48:06,6639.657630264975
2012-08-06 16:48:15,6640.210924580171
2012-08-06 16:48:25,6640.357355634965
2012-08-06 16:48:36,6642.909609369782
2012-08-06 16:48:45,6643.467544655645
2012-08-06 16:48:56,6643.7872346038
2012-08-06 16:49:06,6643.900757238316
2012-08-06 16:49:15,6644.438042349102
2012-08-06 16:49:26,6644.744234649371
2012-08-06 16:49:35,6645.459731153146
2012-08-06 16:49:46,6645.628872186197
2012-08-06 16:49:56,6646.430980680433
2012-08-06 16:50:05,6647.424532494077
2012-08-06 16:50:16,6647.964574736228
2012-08-06 16:50:25,6648.844825743439
2012-08-06 16:50:36,6649.466701394127
2012-08-06 16:50:46,6649.615291292005
2012-08-06 16:50:55,6651.05352927258
2012-08-06 16:51:06,6651.80629303017
2012-08-06 16:51:15,6652.437125125505
2012-08-06 16:51:25,6652.927265196347
2012-08-06 16:51:36,6653.903995626718
2012-08-06 16:51:45,6654.742777018372
2012-08-06 16:51:56,6655.12127512737
2012-08-06 16:52:05,6655.802043867793
2012-08-06 16:52:15,6656.117038603151
2012-08-06 16:52:26,6656.654112517977
2012-08-06 16:52:35,6661.20774670542
2012-08-06 16:52:46,6666.460975122597
2012-08-06 16:52:55,6672.235155465693
2012-08-06 16:53:05,6672.574682174137
2012-08-06 16:53:16,6677.478557003155
2012-08-06 16:53:25,6681.736064917649
2012-08-06 16:53:36,6682.139802724627
2012-08-06 16:53:46,6682.969402376262
2012-08-06 16:53:55,6683.850502432052
2012-08-06 16:54:06,6684.36233655363
2012-08-06 16:54:15,6685.151485134522
2012-08-06 16:54:26,6685.773463295316
2012-08-06 16:54:36,6685.886286244353
2012-08-06 16:54:45,6686.23945094066
2012-08-06 16:54:56,6686.494956778892
2012-08-06 16:55:05,6687.221669950137
2012-08-06 16:55:16,6687.443392601361
2012-08-06 16:55:26,6688.350655821693
2012-08-06 16:55:35,6688.681463823514
2012-08-06 16:55:46,6688.9591628138505
2012-08-06 16:55:55,6689.085590102547
2012-08-06 16:56:05,6689.4948223998235
2012-08-06 16:56:16,6689.738750815249
2012-08-06 16:56:25,6690.4141902898455
2012-08-06 16:56:36,6691.342593202525
2012-08-06 16:56:45,6691.625720230166
2012-08-06 16:56:55,6692.533901361514
2012-08-06 16:57:06,6693.2822482999745
2012-08-06 16:57:15,6693.83552461598
2012-08-06 16:57:26,6694.079571874629
2012-08-06 16:57:35,6695.402666783327
2012-08-06 16:57:45,6696.2283883348355
2012-08-06 16:57:56,6697.433501824385
2012-08-06 16:58:05,6698.773363882015
2012-08-06 16:58:16,6699.340631887223
2012-08-06 16:58:26,6699.66340258336
2012-08-06 16:58:35,6705.001892079192
2012-08-06 16:58:46,6705.91474405707
2012-08-06 16:58:55,6709.674829627872
2012-08-06 16:59:06,6711.754440433715
2012-08-06 16:59:16,6711.814347366089
2012-08-06 16:59:25,6714.601671538657
2012-08-06 16:59:36,6720.513185118366
2012-08-06 16:59:45,6725.2891595557585
2012-08-06 16:59:56,6729.893001225197
2012-08-06 17:00:06,6730.08135626609
2012-08-06 17:00:15,6731.909060343419
2012-08-06 17:00:26,6739.463665496661
2012-08-06 17:00:35,6742.893618236886
2012-08-06 17:00:45,6745.870167081375
2012-08-06 17:00:56,6746.331920649088
2012-08-06 17:01:05,6748.057476070342
2012-08-06 17:01:16,6749.004629234173
2012-08-06 17:01:25,6749.623753807645
2012-08-06 17:01:35,6751.433314733229
2012-08-06 17:01:46,6758.206129703544
2012-08-06 17:01:55,6760.249071345151
2012-08-06 17:02:06,6767.30052147335
2012-08-06 17:02:16,6767.419755622028
2012-08-06 17:02:25,6767.52475386131
2012-08-06 17:02:36,6771.6264837457775
2012-08-06 17:02:45,6772.31274088779
2012-08-06 17:02:56,6773.164362614651
2012-08-06 17:03:06,6773.622996188679
2012-08-06 17:03:15,6774.508452950136
2012-08-06 17:03:26,6775.471168268951
2012-08-06 17:03:35,6776.168769319507
2012-08-06 17:03:46,6782.240069717263
2012-08-06 17:03:56,6783.881379999731
2012-08-06 17:04:05,6786.316171185149
2012-08-06 17:04:16,6793.220381066634
2012-08-06 17:04:25,6797.893606299879
2012-08-06 17:04:36,6809.625111643864
2012-08-06 17:04:46,6816.568877921676
2012-08-06 17:04:55,6820.58798156547
2012-08-06 17:05:06,6821.215569759995
2012-08-06 17:05:15,6826.570832625909
2012-08-06 17:05:25,6838.2394302994
2012-08-06 17:05:36,6843.894102968891
2012-08-06 17:05:45,6851.666975386634
2012-08-06 17:05:56,6853.6921149056825
2012-08-06 17:06:05,6855.501078537069
2012-08-06 17:06:15,6860.448465707686
2012-08-06 17:06:26,6861.843596037592
2012-08-06 17:06:35,6863.060617566044
2012-08-06 17:06:46,6863.91798610021
2012-08-06 17:06:56,6864.666953853902
2012-08-06 17:07:05,6866.706728431796
2012-08-06 17:07:16,6867.061358806539
2012-08-06 17:07:25,6868.6826847131015
2012-08-06 17:07:36,6870.698421120161
2012-08-06 17:07:46,6873.246982406195
2012-08-06 17:07:55,6874.459871095783
2012-08-06 17:08:06,6875.383377889999
2012-08-06 17:08:15,6875.743952949989
2012-08-06 17:08:26,6876.118477221506
2012-08-06 17:08:36,6877.7713408708205
2012-08-06 17:08:45,6878.64517766485
2012-08-06 17:08:56,6880.356339885094
2012-08-06 17:09:05,6882.049418750844
2012-08-06 17:09:15,6886.160621956779
2012-08-06 17:09:26,6887.386409115558
2012-08-06 17:09:35,6890.93866260014
2012-08-06 17:09:46,6891.968473849689
2012-08-06 17:09:55,6893.426182369613
2012-08-06 17:10:05,6894.630272642587
2012-08-06 17:10:16,6895.172176297302
2012-08-06 17:10:25,6895.824228279578
2012-08-06 17:10:36,6896.6224090561755
2012-08-06 17:10:45,6897.84512339972
2012-08-06 17:10:55,6898.767339079592
2012-08-06 17:11:06,6901.309985600953
2012-08-06 17:11:15,6903.369764718685
2012-08-06 17:11:26,6903.991192605915
2012-08-06 17:11:36,6905.056980768788
2012-08-06 17:11:45,6906.776028492354
2012-08-06 17:11:56,6909.158942584453
2012-08-06 17:12:05,6910.441739773835
2012-08-06 17:12:16,6911.468531071955
2012-08-06 17:12:26,6917.075958711863
2012-08-06 17:12:35,6923.060020283811
2012-08-06 17:12:46,6923.946608786062
2012-08-06 17:12:55,6925.32686775611
2012-08-06 17:13:06,6925.81187730009
2012-08-06 17:13:16,6927.5344704109875
2012-08-06 17:13:25,6930.3761576932675
2012-08-06 17:13:36,6931.520395970577
2012-08-06 17:13:45,6934.353124416351
2012-08-06 17:13:55,6935.566956154743
2012-08-06 17:14:06,6936.008598306629
2012-08-06 17:14:15,6936.722608480805
2012-08-06 17:14:26,6938.003610905662
2012-08-06 17:14:35,6938.604022851568
2012-08-06 17:14:45,6940.782366474478
2012-08-06 17:14:56,6941.852984766797
2012-08-06 17:15:05,6942.200717716364
2012-08-06 17:15:16,6943.845960634465
2012-08-06 17:15:25,6944.816782290947
2012-08-06 17:15:35,6945.7105073284365
2012-08-06 17:15:46,6948.82367483293
2012-08-06 17:15:55,6949.328408857344
2012-08-06 17:16:06,6949.541742562052
2012-08-06 17:16:16,6949.912774687123
2012-08-06 17:16:25,6950.627680505846
2012-08-06 17:16:36,6951.271921106905
2012-08-06 17:16:45,6951.830186787511
2012-08-06 17:16:56,6953.3124412349425
2012-08-06 17:17:06,6954.490879210944
2012-08-06 17:17:15,6954.679210945695
2012-08-06 17:17:26,6955.393235656416
2012-08-06 17:17:35,6955.7923191699165
2012-08-06 17:17:46,6955.982432124004
2012-08-06 17:17:56,6957.813994187281
2012-08-06 17:18:05,6966.935039594971
2012-08-06 17:18:16,6970.516003494345
2012-08-06 17:18:25,6973.095895704783
2012-08-06 17:18:35,6984.377227058096
2012-08-06 17:18:46,6987.037002934289
2012-08-06 17:18:55,6993.181792835125
2012-08-06 17:19:06,7002.434554627222
2012-08-06 17:19:15,7005.040908902602
2012-08-06 17:19:25,7007.367867737063
2012-08-06 17:19:36,7009.638399712503
2012-08-06 17:19:45,7016.275981172536
2012-08-06 17:19:56,7021.437605006194
2012-08-06 17:20:05,7022.358081801136
2012-08-06 17:20:15,7025.162431398903
2012-08-06 17:20:26,7032.193735380603
2012-08-06 17:20:35,7038.069232585159
2012-08-06 17:20:46,7040.282061327797
2012-08-06 17:20:56,7041.938491956207
2012-08-06 17:21:05,7043.910046483331
2012-08-06 17:21:16,7045.173060099304
2012-08-06 17:21:25,7047.914046521893
2012-08-06 17:21:36,7049.919348946862
2012-08-06 17:21:46,7050.55996954934
2012-08-06 17:21:55,7051.1547156285715
2012-08-06 17:22:06,7052.481523308984
2012-08-06 17:22:15,7053.317079001651
2012-08-06 17:22:26,7055.231260230309
2012-08-06 17:22:36,7056.76557543167
2012-08-06 17:22:45,7057.453709206939
2012-08-06 17:22:56,7058.054941666632
2012-08-06 17:23:05,7059.159594967569
2012-08-06 17:23:15,7060.260223427864
2012-08-06 17:23:26,7061.50835751117
2012-08-06 17:23:35,7062.383895146579
2012-08-06 17:23:46,7065.169755289789
2012-08-06 17:23:55,7067.501902897661
2012-08-06 17:24:05,7068.64160616761
2012-08-06 17:24:16,7072.740771547885
2012-08-06 17:24:25,7073.208018909837
2012-08-06 17:24:36,7078.415020955462
2012-08-06 17:24:46,7080.941905864424
2012-08-06 17:24:55,7083.8879392637
2012-08-06 17:25:06,7088.922229474703
2012-08-06 17:25:15,7092.48853466796
2012-08-06 17:25:26,7095.666104266636
2012-08-06 17:25:36,7098.489004871322
2012-08-06 17:25:45,7108.512925337279
2012-08-06 17:25:56,7111.448666678408
2012-08-06 17:26:05,7114.109350621089
2012-08-06 17:26:16,7115.320197952848
2012-08-06 17:26:26,7116.852865712921
2012-08-06 17:26:35,7118.367432473811
2012-08-06 17:26:46,7120.109036757322
2012-08-06 17:26:55,7124.641176505716
2012-08-06 17:27:06,7125.943173650983
2012-08-06 17:27:16,7126.251562160165
2012-08-06 17:27:25,7131.492566419328
2012-08-06 17:27:36,7133.038765138615
2012-08-06 17:27:45,7133.992375308856
2012-08-06 17:27:55,7135.529921948212
2012-08-06 17:28:06,7137.0028523699875
2012-08-06 17:28:15,7137.431141759342
2012-08-06 17:28:26,7139.818148069416
2012-08-06 17:28:35,7140.598941688401
2012-08-06 17:28:45,7142.0692195172405
2012-08-06 17:28:56,7143.60769229031
2012-08-06 17:29:05,7145.899468628318
2012-08-06 17:29:16,7146.310057431491
2012-08-06 17:29:26,7147.36435859917
2012-08-06 17:29:35,7148.923538504041
2012-08-06 17:29:46,7149.233427748815
2012-08-06 17:29:55,7150.248878742662
2012-08-06 17:30:06,7153.2589272161285
2012-08-06 17:30:16,7153.831261896539
2012-08-06 17:30:25,7156.675183195014
2012-08-06 17:30:36,7157.926685048283
2012-08-06 17:30:45,7158.792642705548
2012-08-06 17:30:56,7159.473295987478
2012-08-06 17:31:06,7159.761742421981
2012-08-06 17:31:15,7161.151686011618
2012-08-06 17:31:26,7161.804245277505
2012-08-06 17:31:35,7162.741564548377
2012-08-06 17:31:45,7163.561955652891
2012-08-06 17:31:56,7165.368355654132
2012-08-06 17:32:05,7165.524632704233
2012-08-06 17:32:16,7165.678550488164
2012-08-06 17:32:25,7166.484132723079
2012-08-06 17:32:35,7166.727714532576
2012-08-06 17:32:46,7168.904652197368
2012-08-06 17:32:55,7169.527235190371
2012-08-06 17:33:06,7171.24371899639
2012-08-06 17:33:15,7171.980684049278
2012-08-06 17:33:25,7172.886774481484
2012-08-06 17:33:36,7174.258258070254
2012-08-06 17:33:45,7174.724121899159
2012-08-06 17:33:56,7175.719613546916
2012-08-06 17:34:06,7175.832436435191
2012-08-06 17:34:15,7176.887375247049
2012-08-06 17:34:26,7177.852659752482
2012-08-06 17:34:35,7178.52635224905
2012-08-06 17:34:46,7179.464014554063
2012-08-06 17:34:56,7179.953634791241
2012-08-06 17:35:05,7181.304142640555
2012-08-06 17:35:16,7181.834898876665
2012-08-06 17:35:25,7183.304275452568
2012-08-06 17:35:36,7184.434931115706
2012-08-06 17:35:46,7186.8674370487315
2012-08-06 17:35:55,7188.589927523929
2012-08-06 17:36:06,7190.169447961072
2012-08-06 17:36:15,7193.235167264048
2012-08-06 17:36:25,7194.992348741712
2012-08-06 17:36:36,7197.892850271307
2012-08-06 17:36:45,7199.477833303241
2012-08-06 17:36:56,7200.507949210331
2012-08-06 17:37:05,7202.83988333773
2012-08-06 17:37:15,7203.758144592491
2012-08-06 17:37:26,7204.237062486294
2012-08-06 17:37:35,7205.183902391509
2012-08-06 17:37:46,7209.301659842217
2012-08-06 17:37:55,7210.466763004348
2012-08-06 17:38:05,7210.794396214657
2012-08-06 17:38:16,7211.632784115805
2012-08-06 17:38:25,7213.144888672115
2012-08-06 17:38:36,7213.5291245290955
2012-08-06 17:38:46,7215.977282251602
2012-08-06 17:38:55,7218.096975959951
2012-08-06 17:39:06,7218.8368560180725
2012-08-06 17:39:15,7220.085446085665
2012-08-06 17:39:26,7221.741266939888
2012-08-06 17:39:36,7223.227530745805
2012-08-06 17:39:45,7224.497310167303
2012-08-06 17:39:56,7226.251319389552
2012-08-06 17:40:05,7226.820913744356
2012-08-06 17:40:16,7229.0326225646895
2012-08-06 17:40:26,7229.803782655566
2012-08-06 17:40:35,7231.975168945551
2012-08-06 17:40:46,7233.023599230251
2012-08-06 17:40:55,7233.314995563966
2012-08-06 17:41:05,7234.3023980251
2012-08-06 17:41:16,7235.501191932864
2012-08-06 17:41:25,7237.741769735245
2012-08-06 17:41:36,7242.953717682281
2012-08-06 17:41:45,7250.976050621496
2012-08-06 17:41:55,7256.122142907362
2012-08-06 17:42:06,7256.952167803295
2012-08-06 17:42:15,7257.842175728645
2012-08-06 17:42:26,7259.083381911011
2012-08-06 17:42:35,7259.35989006496
2012-08-06 17:42:45,7260.11996224919
2012-08-06 17:42:56,7260.676999355215
2012-08-06 17:43:05,7261.227406128637
2012-08-06 17:43:16,7262.594673417905
2012-08-06 17:43:26,7264.474424215862
2012-08-06 17:43:35,7267.042375967625
2012-08-06 17:43:46,7267.963436882816
2012-08-06 17:43:55,7269.063344403606
2012-08-06 17:44:06,7270.657052830579
2012-08-06 17:44:16,7272.031576191052
2012-08-06 17:44:25,7273.602374468164
2012-08-06 17:44:36,7276.1175381596395
2012-08-06 17:44:45,7278.198193616035
2012-08-06 17:44:56,7278.649166381369
2012-08-06 17:45:06,7280.193188634281
2012-08-06 17:45:15,7281.596164265279
2012-08-06 17:45:26,7282.483497814916
2012-08-06 17:45:35,7284.059953692995
2012-08-06 17:45:45,7284.981014609513
2012-08-06 17:45:56,7286.90833366441
2012-08-06 17:46:05,7288.352589514777
2012-08-06 17:46:16,7290.872993540966
2012-08-06 17:46:25,7292.285519598883
2012-08-06 17:46:35,7292.8425372926
2012-08-06 17:46:46,7293.930723188023
2012-08-06 17:46:55,7296.107101718665
2012-08-06 17:47:06,7297.43476115123
2012-08-06 17:47:16,7298.591617022718
2012-08-06 17:47:25,7298.768932192054
2012-08-06 17:47:36,7300.073061915204
2012-08-06 17:47:45,7310.373524166639
2012-08-06 17:47:56,7314.215842332383
2012-08-06 17:48:06,7318.429409089247
2012-08-06 17:48:15,7323.14532662852
2012-08-06 17:48:26,7323.759527297537
2012-08-06 17:48:35,7326.079650671518
2012-08-06 17:48:46,7328.664305279542
2012-08-06 17:48:56,7330.626974248652
2012-08-06 17:49:05,7332.953931419947
2012-08-06 17:49:16,7340.034920925154
2012-08-06 17:49:25,7344.427005350051
2012-08-06 17:49:36,7345.03923926072
2012-08-06 17:49:46,7345.283167563787
2012-08-06 17:49:55,7346.4234449010255
2012-08-06 17:50:06,7347.891489378535
2012-08-06 17:50:15,7350.532619747649
2012-08-06 17:50:25,7351.52015483465
2012-08-06 17:50:36,7353.294069254451
2012-08-06 17:50:45,7353.832894667513
2012-08-06 17:50:56,7354.651576284013
2012-08-06 17:51:05,7356.466101803114
2012-08-06 17:51:15,7358.739962062677
2012-08-06 17:51:26,7360.703098744035
2012-08-06 17:51:35,7361.906713308783
2012-08-06 17:51:46,7367.396479969561
2012-08-06 17:51:56,7377.988899993271
2012-08-06 17:52:05,7380.479173701287
2012-08-06 17:52:16,7381.27963230469
2012-08-06 17:52:25,7381.978653479205
2012-08-06 17:52:36,7383.24350681853
2012-08-06 17:52:46,7383.866326197659
2012-08-06 17:52:55,7386.204708513115
2012-08-06 17:53:06,7388.455296122981
2012-08-06 17:53:15,7390.086401109456
2012-08-06 17:53:26,7390.413152411815
2012-08-06 17:53:36,7391.000552197076
2012-08-06 17:53:45,7391.502806560017
2012-08-06 17:53:56,7394.032980992128
2012-08-06 17:54:05,7396.791235420612
2012-08-06 17:54:15,7403.085723235145
2012-08-06 17:54:26,7410.0908755560495
2012-08-06 17:54:35,7411.606485310577
2012-08-06 17:54:46,7415.527604120996
2012-08-06 17:54:55,7419.463207965587
2012-08-06 17:55:05,7421.252923534692
2012-08-06 17:55:16,7421.49021306067
2012-08-06 17:55:25,7423.710540162476
2012-08-06 17:55:36,7425.719446806704
2012-08-06 17:55:45,7432.382487573286
2012-08-06 17:55:55,7434.578229130898
2012-08-06 17:56:06,7437.928815672836
2012-08-06 17:56:15,7440.111278227371
2012-08-06 17:56:26,7443.841577114787
2012-08-06 17:56:36,7445.481006157195
2012-08-06 17:56:45,7447.62368965593
2012-08-06 17:56:56,7450.529855141844
2012-08-06 17:57:05,7452.2764265557
2012-08-06 17:57:16,7454.258003923501
2012-08-06 17:57:26,7454.826057959067
2012-08-06 17:57:35,7458.08369205487
2012-08-06 17:57:46,7462.650387248603
2012-08-06 17:57:55,7465.107640853108
2012-08-06 17:58:06,7470.051440455135
2012-08-06 17:58:16,7476.144299483806
2012-08-06 17:58:25,7479.476168510973
2012-08-06 17:58:36,7480.825941752989
2012-08-06 17:58:45,7484.286122176971
2012-08-06 17:58:55,7485.7893412813955
