time,distance
2012-08-13 06:00:29,0.508611337999541
2012-08-13 06:00:38,0.7544818872304694
2012-08-13 06:00:48,0.9925260532821364
2012-08-13 06:00:59,1.105876234067286
2012-08-13 06:01:08,4.355773027719161
2012-08-13 06:01:19,4.097912545159362
2012-08-13 06:01:29,1.1835071232645586
2012-08-13 06:01:38,0.5963837036021684
2012-08-13 06:01:49,0.8623372450544452
2012-08-13 06:01:58,0.4871635404983629
2012-08-13 06:02:09,0.9341871552485369
2012-08-13 06:02:19,1.23542031561004
2012-08-13 06:02:28,0.8480387686643716
2012-08-13 06:02:39,0.7933408485585521
2012-08-13 06:02:48,0.4455234659693011
2012-08-13 06:02:59,0.5457101359790025
2012-08-13 06:03:09,0.7282086390080463
2012-08-13 06:03:18,1.6682318289566007
2012-08-13 06:03:29,0.9495087922737759
2012-08-13 06:03:38,0.6399037529463285
2012-08-13 06:03:48,0.7131188193427284
2012-08-13 06:03:59,0.33403962126519965
2012-08-13 06:04:08,0.6619413180849844
2012-08-13 06:04:19,0.5380045330490212
2012-08-13 06:04:28,0.35550596800157763
2012-08-13 06:04:38,0.24631203399911902
2012-08-13 06:04:49,1.5381886289054723
2012-08-13 06:04:58,0.7299814227118541
2012-08-13 06:05:09,2.4188398744777717
2012-08-13 06:05:18,1.0530485086846724
2012-08-13 06:05:28,1.0446713062034325
2012-08-13 06:05:39,4.075355171339526
2012-08-13 06:05:48,1.9911141189451542
2012-08-13 06:05:59,2.1003241773668497
2012-08-13 06:06:09,0.5319454351834231
2012-08-13 06:06:18,1.322705459823318
2012-08-13 06:06:29,0.5280850162531354
2012-08-13 06:06:38,1.2528247045666632
2012-08-13 06:06:49,2.4823193286757235
2012-08-13 06:06:59,2.782768348888195
2012-08-13 06:07:08,0.43149635284501603
2012-08-13 06:07:19,1.6917921865467982
2012-08-13 06:07:28,1.540122246024046
2012-08-13 06:07:39,0.1821696636716722
2012-08-13 06:07:49,0.8846861808903924
2012-08-13 06:07:58,3.4775868401065724
2012-08-13 06:08:09,1.1931759617059923
2012-08-13 06:08:18,3.7839786036864145
2012-08-13 06:08:28,2.1308237414785354
2012-08-13 06:08:39,0.7997440403051652
2012-08-13 06:08:48,1.3176545781216058
2012-08-13 06:08:59,1.9115673876553052
2012-08-13 06:09:08,1.0522047323594885
2012-08-13 06:09:18,0.886710557535745
2012-08-13 06:09:29,1.2604659304270067
2012-08-13 06:09:38,0.9351340804632025
2012-08-13 06:09:49,0.04006429652802095
2012-08-13 06:09:58,0.6094305883308936
2012-08-13 06:10:08,0.24614605518280763
2012-08-13 06:10:19,1.3089599703069141
2012-08-13 06:10:28,0.8234948677651713
2012-08-13 06:10:39,1.2260597686367884
2012-08-13 06:10:49,1.9944648902073798
2012-08-13 06:10:58,0.18915596552540329
2012-08-13 06:11:09,2.537510976902424
2012-08-13 06:11:18,0.6208897028629118
2012-08-13 06:11:29,0.4443181056618904
2012-08-13 06:11:39,2.1860359275545824
2012-08-13 06:11:48,1.814029906921885
2012-08-13 06:11:59,1.671379723439092
2012-08-13 06:12:08,0.9070485781674553
2012-08-13 06:12:19,0.507005677654249
2012-08-13 06:12:29,1.7247687822387594
2012-08-13 06:12:38,1.9628320387131655
2012-08-13 06:12:49,3.6458902550370262
2012-08-13 06:12:58,0.937850840600856
2012-08-13 06:13:08,0.5779559811764153
2012-08-13 06:13:19,0.9652843818536713
2012-08-13 06:13:28,1.3264865806422477
2012-08-13 06:13:39,1.5752829744734644
2012-08-13 06:13:48,0.592722147524501
2012-08-13 06:13:58,1.300868430855236
2012-08-13 06:14:09,2.805279270123942
2012-08-13 06:14:18,3.1186642258752904
2012-08-13 06:14:29,2.333306173707465
2012-08-13 06:14:39,0.3706359609447111
2012-08-13 06:14:48,2.567177529975146
2012-08-13 06:14:59,0.8397735251838789
2012-08-13 06:15:08,2.5795076055396207
2012-08-13 06:15:19,2.5047109292381493
2012-08-13 06:15:29,4.198128709191365
2012-08-13 06:15:38,1.3378053949863247
2012-08-13 06:15:49,2.4706809965386443
2012-08-13 06:15:58,3.1718832977534532
2012-08-13 06:16:09,1.8072414988374608
2012-08-13 06:16:19,2.735587475762674
2012-08-13 06:16:28,0.8576536356509743
2012-08-13 06:16:39,1.9342561831023797
2012-08-13 06:16:48,1.36711563672493
2012-08-13 06:16:59,1.2568185262766867
2012-08-13 06:17:09,2.0894807777017093
2012-08-13 06:17:18,1.18366416917332
2012-08-13 06:17:29,1.0973895376965832
2012-08-13 06:17:38,1.4349750463417494
2012-08-13 06:17:48,1.3415329369170053
2012-08-13 06:17:59,0.35375057650562053
2012-08-13 06:18:08,0.908663393358649
2012-08-13 06:18:19,0.3969327105479424
2012-08-13 06:18:28,1.4393858552338066
2012-08-13 06:18:38,0.7736370240612852
2012-08-13 06:18:49,1.347188200381159
2012-08-13 06:18:58,3.7040293386325387
2012-08-13 06:19:09,4.55900765810959
2012-08-13 06:19:19,2.9372327518269845
2012-08-13 06:19:28,4.889049083632351
2012-08-13 06:19:39,1.1388720095615608
2012-08-13 06:19:48,0.8470456482855004
2012-08-13 06:19:59,1.978124724514679
2012-08-13 06:20:09,2.003787635680894
2012-08-13 06:20:18,4.707869914969014
2012-08-13 06:20:29,0.9073565637619071
2012-08-13 06:20:38,0.0994587584864915
2012-08-13 06:20:49,2.3749902145785073
2012-08-13 06:20:59,1.2459699376752897
2012-08-13 06:21:08,1.3579162351223146
2012-08-13 06:21:19,0.826894733528356
2012-08-13 06:21:28,1.2842049343872766
2012-08-13 06:21:38,1.7555901653230677
2012-08-13 06:21:49,1.0825723593879037
2012-08-13 06:21:58,1.815723227136186
2012-08-13 06:22:09,0.7429490016179248
2012-08-13 06:22:18,2.369880717845699
2012-08-13 06:22:28,1.1943653138878096
2012-08-13 06:22:39,4.148785697375521
2012-08-13 06:22:48,4.257613222329696
2012-08-13 06:22:59,3.278645540849052
2012-08-13 06:23:08,0.9420541612940736
2012-08-13 06:23:18,1.6259057277003177
2012-08-13 06:23:29,0.1960946275536208
2012-08-13 06:23:38,1.5089349574211004
2012-08-13 06:23:49,1.519898518418139
2012-08-13 06:23:59,1.1849987218841693
2012-08-13 06:24:08,0.4560062039565133
2012-08-13 06:24:19,0.613531716920418
2012-08-13 06:24:28,2.0545810936417626
2012-08-13 06:24:39,3.107071769503932
2012-08-13 06:24:49,1.9790681398873322
2012-08-13 06:24:58,2.437832637752863
2012-08-13 06:25:09,0.9319981645621277
2012-08-13 06:25:18,2.273552824761981
2012-08-13 06:25:29,2.628910846336809
2012-08-13 06:25:39,2.2834853791020913
2012-08-13 06:25:48,0.8453994628879732
2012-08-13 06:25:59,1.4180718928321034
2012-08-13 06:26:08,0.2517037777041001
2012-08-13 06:26:18,6.861062032514842
2012-08-13 06:26:29,7.324606721021169
2012-08-13 06:26:38,6.020839595656964
2012-08-13 06:26:49,7.739373899047591
2012-08-13 06:26:58,5.082893462553199
2012-08-13 06:27:08,6.94790451177626
2012-08-13 06:27:19,6.01246876486501
2012-08-13 06:27:28,6.611556148665017
2012-08-13 06:27:39,0.5429844282526026
2012-08-13 06:27:48,4.097521709761076
2012-08-13 06:27:58,2.708139071228656
2012-08-13 06:28:09,1.247841503474022
2012-08-13 06:28:18,0.28186011956761686
2012-08-13 06:28:29,1.720567809748859
2012-08-13 06:28:39,0.6341996516985147
2012-08-13 06:28:48,0.26199994487123063
2012-08-13 06:28:59,1.532050492871662
2012-08-13 06:29:08,1.6120618236444104
2012-08-13 06:29:19,5.547353317119368
2012-08-13 06:29:29,9.52041883786717
2012-08-13 06:29:38,7.608085096827902
2012-08-13 06:29:49,5.291890404121074
2012-08-13 06:29:58,2.860132355603896
2012-08-13 06:30:09,1.9927845935906172
2012-08-13 06:30:19,1.5657600291919667
2012-08-13 06:30:28,2.795871474640161
2012-08-13 06:30:39,0.7410418600663085
2012-08-13 06:30:48,0.7196968301003467
2012-08-13 06:30:58,0.581637034865646
2012-08-13 06:31:09,0.4110725391509129
2012-08-13 06:31:18,1.2993344863833793
2012-08-13 06:31:29,1.161988654018374
2012-08-13 06:31:38,0.3550337646225178
2012-08-13 06:31:48,1.5933095983474865
2012-08-13 06:31:59,0.8710347179182941
2012-08-13 06:32:08,0.49821262599044935
2012-08-13 06:32:19,0.5012800874096439
2012-08-13 06:32:28,0.3408412817839588
2012-08-13 06:32:38,0.5421938785990389
2012-08-13 06:32:49,2.6481216206398073
2012-08-13 06:32:58,1.5316465688356131
2012-08-13 06:33:09,1.1378119531881423
2012-08-13 06:33:19,2.8100598933339285
2012-08-13 06:33:28,2.1894449689948807
2012-08-13 06:33:39,1.337228540775857
2012-08-13 06:33:48,1.7715329989729391
2012-08-13 06:33:59,1.407323810920191
2012-08-13 06:34:09,2.3302859076330233
2012-08-13 06:34:18,2.5227356683751507
2012-08-13 06:34:29,2.5223688419116472
2012-08-13 06:34:38,1.5259738265474014
2012-08-13 06:34:49,1.9467447858340605
2012-08-13 06:34:59,1.9243429255682694
2012-08-13 06:35:08,0.777671024891642
2012-08-13 06:35:19,1.2636193836004657
2012-08-13 06:35:28,1.4450207204343195
2012-08-13 06:35:38,0.6061596411904856
2012-08-13 06:35:49,1.323231317515734
2012-08-13 06:35:58,1.2530714664455658
2012-08-13 06:36:09,2.066588375819975
2012-08-13 06:36:18,0.25924476850751194
2012-08-13 06:36:28,1.0789078598046373
2012-08-13 06:36:39,1.2066221742651708
2012-08-13 06:36:48,1.8901967949370309
2012-08-13 06:36:59,10.166148314525623
2012-08-13 06:37:09,3.4648604623180996
2012-08-13 06:37:18,0.30452925711898543
2012-08-13 06:37:29,2.2357860686599875
2012-08-13 06:37:38,1.389494818386263
2012-08-13 06:37:49,6.272410212344224
2012-08-13 06:37:59,2.873873033436258
2012-08-13 06:38:08,6.559122727758356
2012-08-13 06:38:19,0.9846278600011292
2012-08-13 06:38:28,5.140299423620426
2012-08-13 06:38:39,1.7813741806977106
2012-08-13 06:38:49,2.7702262916530245
2012-08-13 06:38:58,1.1103968852121298
2012-08-13 06:39:09,1.8361963565858432
2012-08-13 06:39:18,1.88378906996866
2012-08-13 06:39:29,7.399775999876385
2012-08-13 06:39:39,4.132472038954488
2012-08-13 06:39:48,5.26875631225103
2012-08-13 06:39:59,5.248314691174822
2012-08-13 06:40:08,4.54368577888154
2012-08-13 06:40:18,2.989906966372753
2012-08-13 06:40:29,2.5467173323955765
2012-08-13 06:40:38,7.321238231987352
2012-08-13 06:40:49,0.3802258977976948
2012-08-13 06:40:58,7.168093506653483
2012-08-13 06:41:08,8.231907510716844
2012-08-13 06:41:19,2.0476777298586883
2012-08-13 06:41:28,2.9452478052477398
2012-08-13 06:41:39,3.1738575718104185
2012-08-13 06:41:49,4.114375040391342
2012-08-13 06:41:58,1.3869281955820154
2012-08-13 06:42:09,3.0554958387409505
2012-08-13 06:42:18,2.2868549992086438
2012-08-13 06:42:29,1.8222220300727696
2012-08-13 06:42:39,4.148833117807127
2012-08-13 06:42:48,3.7967052807963326
2012-08-13 06:42:59,3.8584663979566187
2012-08-13 06:43:08,1.4660216002866775
2012-08-13 06:43:19,4.044628714319686
2012-08-13 06:43:29,2.9509395029309102
2012-08-13 06:43:38,5.251892247169034
2012-08-13 06:43:49,2.310324508515254
2012-08-13 06:43:58,1.1007148761249521
2012-08-13 06:44:08,0.7574796487072594
2012-08-13 06:44:19,6.678214405092749
2012-08-13 06:44:28,2.1632686352000237
2012-08-13 06:44:39,5.5514390742757245
2012-08-13 06:44:48,6.041182260792537
2012-08-13 06:44:58,3.308259519319536
2012-08-13 06:45:09,1.9688718714743456
2012-08-13 06:45:18,5.947867250041072
2012-08-13 06:45:29,1.1877974091601755
2012-08-13 06:45:38,2.616122625638295
2012-08-13 06:45:48,5.128814313887637
2012-08-13 06:45:59,7.5450471740463705
2012-08-13 06:46:08,2.183025137425434
2012-08-13 06:46:19,4.891909788124946
2012-08-13 06:46:29,3.6711597321545444
2012-08-13 06:46:38,8.743119211916225
2012-08-13 06:46:49,1.4208402240064695
2012-08-13 06:46:58,7.876526731268762
2012-08-13 06:47:09,1.1914595270650319
2012-08-13 06:47:19,1.3178288668354692
2012-08-13 06:47:28,0.5494199612043823
2012-08-13 06:47:39,0.3346681795716674
2012-08-13 06:47:48,0.7566298017036128
2012-08-13 06:47:59,0.7705299105047188
2012-08-13 06:48:09,3.227476750105659
2012-08-13 06:48:18,5.700157916591373
2012-08-13 06:48:29,4.205104758237681
2012-08-13 06:48:38,0.9005656794103262
2012-08-13 06:48:48,6.338531252645825
2012-08-13 06:48:59,4.6379333415166935
2012-08-13 06:49:08,5.806500649295571
2012-08-13 06:49:19,1.7391666471123717
2012-08-13 06:49:28,1.40247147321496
2012-08-13 06:49:38,1.2537344982894538
2012-08-13 06:49:49,10.183058516726117
2012-08-13 06:49:58,3.2937466867691945
2012-08-13 06:50:09,1.4004189907883533
2012-08-13 06:50:18,3.536854991480768
2012-08-13 06:50:28,1.4298560013671442
2012-08-13 06:50:39,0.8004755528981282
2012-08-13 06:50:48,1.8408605918920617
2012-08-13 06:50:59,4.100436706176279
2012-08-13 06:51:09,0.7919811288616483
2012-08-13 06:51:18,0.5984732608284667
2012-08-13 06:51:29,1.3625868049279908
2012-08-13 06:51:38,2.290106416801669
2012-08-13 06:51:49,1.4126803888652841
2012-08-13 06:51:59,1.3284991353934528
2012-08-13 06:52:08,3.3236810642480483
2012-08-13 06:52:19,9.773471875777963
2012-08-13 06:52:28,3.3318858081378186
2012-08-13 06:52:39,4.732250430818518
2012-08-13 06:52:49,5.509099609436801
2012-08-13 06:52:58,8.687631642792427
2012-08-13 06:53:09,3.9485326205017888
2012-08-13 06:53:18,4.0704240370630185
2012-08-13 06:53:28,5.029956215091434
2012-08-13 06:53:39,1.3630197033256979
2012-08-13 06:53:48,0.47053464718623605
2012-08-13 06:53:59,1.0600255897571496
2012-08-13 06:54:08,1.1092093139201922
2012-08-13 06:54:18,1.646585560722361
2012-08-13 06:54:29,6.136860636170225
2012-08-13 06:54:38,0.5018309756266025
2012-08-13 06:54:49,0.4237465497433027
2012-08-13 06:54:58,6.174310409719481
2012-08-13 06:55:08,4.396894290707814
2012-08-13 06:55:19,3.2276418892370367
2012-08-13 06:55:28,2.696908834128562
2012-08-13 06:55:39,0.4878568398428391
2012-08-13 06:55:49,0.6445739512954665
2012-08-13 06:55:58,1.5990819484783967
2012-08-13 06:56:09,0.3166870922225222
2012-08-13 06:56:18,0.5655274732618484
2012-08-13 06:56:29,0.29522706876115945
2012-08-13 06:56:39,0.22501657113400417
2012-08-13 06:56:48,8.034363052848132
2012-08-13 06:56:59,10.454299579121958
2012-08-13 06:57:08,9.965522577832502
2012-08-13 06:57:19,8.841423972035937
2012-08-13 06:57:29,2.635873422752597
2012-08-13 06:57:38,1.521256945480698
2012-08-13 06:57:49,3.286644061671208
2012-08-13 06:57:58,4.6994303723961
2012-08-13 06:58:08,4.26601762931321
2012-08-13 06:58:19,4.8734225161864675
2012-08-13 06:58:28,3.113765632294563
2012-08-13 06:58:39,11.641584832143625
2012-08-13 06:58:48,11.410366066751745
2012-08-13 06:58:58,6.8190128173102025
2012-08-13 06:59:09,6.919103842626298
2012-08-13 06:59:18,5.785556736980116
2012-08-13 06:59:29,5.785556736930608
2012-08-13 06:59:39,5.930509068983021
2012-08-13 06:59:48,7.909940337006794
2012-08-13 06:59:59,9.287497062970973
2012-08-13 07:00:08,9.8772619922379
2012-08-13 07:00:19,9.33875159143741
2012-08-13 07:00:29,7.789729771127333
2012-08-13 07:00:38,9.039572590360512
2012-08-13 07:00:49,9.274717655036069
2012-08-13 07:00:58,9.60931674343848
2012-08-13 07:01:09,9.201474210297667
2012-08-13 07:01:19,9.67561064098223
2012-08-13 07:01:28,5.543320872094879
2012-08-13 07:01:39,8.2645205117729
2012-08-13 07:01:48,6.373622135634743
2012-08-13 07:01:59,9.527515433920017
2012-08-13 07:02:09,8.593188212638283
2012-08-13 07:02:18,8.291608785012743
2012-08-13 07:02:29,9.421058715413858
2012-08-13 07:02:38,6.889857083865615
2012-08-13 07:02:48,7.327817059804376
2012-08-13 07:02:59,6.47627329861305
2012-08-13 07:03:08,5.220535342375979
2012-08-13 07:03:19,5.680712983875998
2012-08-13 07:03:28,3.922041624556205
2012-08-13 07:03:38,5.129356153099411
2012-08-13 07:03:49,3.498261414617435
2012-08-13 07:03:58,3.7967877579034806
2012-08-13 07:04:09,1.485034689515049
2012-08-13 07:04:19,2.6573536005510867
2012-08-13 07:04:28,1.2938825563418221
2012-08-13 07:04:39,0.07872356307034874
2012-08-13 07:04:48,9.57931844118142
2012-08-13 07:04:59,25.42115911021095
2012-08-13 07:05:09,8.351461696149986
2012-08-13 07:05:18,10.014494934665267
2012-08-13 07:05:29,13.640532156412304
2012-08-13 07:05:38,7.061461048700107
2012-08-13 07:05:49,6.753552389124182
2012-08-13 07:05:59,1.558937592389427
2012-08-13 07:06:08,0.6891607352925765
2012-08-13 07:06:19,0.7065246981398329
2012-08-13 07:06:28,0.6906241509328459
2012-08-13 07:06:38,1.1589186488699572
2012-08-13 07:06:49,0.9860739316035554
2012-08-13 07:06:58,0.15840695912893799
2012-08-13 07:07:09,0.24737026425731604
2012-08-13 07:07:18,3.2264384261327517
2012-08-13 07:07:28,2.676145972047915
2012-08-13 07:07:39,0.2532721229096061
2012-08-13 07:07:48,0.6670029976530426
2012-08-13 07:07:59,0.6758418960744716
2012-08-13 07:08:08,0.4505612654907616
2012-08-13 07:08:18,1.0246288305526778
2012-08-13 07:08:29,0.21972074192322189
2012-08-13 07:08:38,0.6167464793387964
2012-08-13 07:08:49,1.0423674104871097
2012-08-13 07:08:59,0.4111560307831803
2012-08-13 07:09:08,0.28979945031809595
2012-08-13 07:09:19,1.1018883262647574
2012-08-13 07:09:28,1.5967587237784837
2012-08-13 07:09:39,4.154287065424006
2012-08-13 07:09:49,6.782314795484135
2012-08-13 07:09:58,1.7149090172955288
2012-08-13 07:10:09,1.759720514467931
2012-08-13 07:10:18,0.9225933564319058
2012-08-13 07:10:29,0.8086328551140607
2012-08-13 07:10:39,0.5290256605978924
2012-08-13 07:10:48,1.2076203527755662
2012-08-13 07:10:59,0.5243436026413142
2012-08-13 07:11:08,7.773038325955921
2012-08-13 07:11:18,1.0410526266758233
2012-08-13 07:11:29,0.6942672808068744
2012-08-13 07:11:38,0.8574411452277829
2012-08-13 07:11:49,0.18654061824415386
2012-08-13 07:11:58,2.6418081438529373
2012-08-13 07:12:08,1.219806706898004
2012-08-13 07:12:19,2.145640889513682
2012-08-13 07:12:28,0.5348897204014853
2012-08-13 07:12:39,2.8988946243396954
2012-08-13 07:12:48,0.7216512767112061
2012-08-13 07:12:58,0.6661912335339799
2012-08-13 07:13:09,1.1539984285777554
2012-08-13 07:13:18,0.5817856045130421
2012-08-13 07:13:29,6.3889664047892385
2012-08-13 07:13:39,6.657284823168412
2012-08-13 07:13:48,1.1197436465248136
2012-08-13 07:13:59,5.922012657479846
2012-08-13 07:14:08,4.085095705088984
2012-08-13 07:14:19,0.22038535338544502
2012-08-13 07:14:29,0.1549550386846778
2012-08-13 07:14:38,0.5796869349988961
2012-08-13 07:14:49,3.9483883668371593
2012-08-13 07:14:58,0.9871058467477148
2012-08-13 07:15:09,0.26716000000933465
2012-08-13 07:15:19,3.6015070037089734
2012-08-13 07:15:28,4.1261868867273535
2012-08-13 07:15:39,1.200995151003712
2012-08-13 07:15:48,0.16355138561791593
2012-08-13 07:15:58,0.8226049098243013
2012-08-13 07:16:09,0.522172272768512
2012-08-13 07:16:18,0.43957429856805047
2012-08-13 07:16:29,1.3160056229816997
2012-08-13 07:16:38,0.6120993809242554
2012-08-13 07:16:48,2.221795936632385
2012-08-13 07:16:59,4.718657045166239
2012-08-13 07:17:08,5.9504932472369685
2012-08-13 07:17:19,1.479335870545351
2012-08-13 07:17:28,0.6481131149792491
2012-08-13 07:17:38,0.43135358525422457
2012-08-13 07:17:49,3.6353612730490013
2012-08-13 07:17:58,0.5021794688752376
2012-08-13 07:18:09,0.5974202434410851
2012-08-13 07:18:19,1.3664294554546084
2012-08-13 07:18:28,1.2675983820276149
2012-08-13 07:18:39,0.5988986457666986
2012-08-13 07:18:48,1.5380334749955282
2012-08-13 07:18:59,1.8069694396311207
2012-08-13 07:19:09,0.4947743730792228
2012-08-13 07:19:18,0.20407833679118637
2012-08-13 07:19:29,0.8809102311261979
2012-08-13 07:19:38,0.5280860398927749
2012-08-13 07:19:49,7.454445715844466
2012-08-13 07:19:59,6.823597982416997
2012-08-13 07:20:08,2.1364096633203045
2012-08-13 07:20:19,0.2138675639099281
2012-08-13 07:20:28,1.5936407092135918
2012-08-13 07:20:38,1.4165576920353435
2012-08-13 07:20:49,1.741338934955204
2012-08-13 07:20:58,3.0234201698986003
2012-08-13 07:21:09,2.267274084976326
2012-08-13 07:21:18,8.267011753029974
2012-08-13 07:21:28,7.717574687288069
2012-08-13 07:21:39,2.290743250025053
2012-08-13 07:21:48,7.402317437921803
2012-08-13 07:21:59,6.649786791773901
2012-08-13 07:22:09,4.416368855540411
2012-08-13 07:22:18,6.386891501920993
2012-08-13 07:22:29,6.590992464499873
2012-08-13 07:22:38,3.9379270779603375
2012-08-13 07:22:49,0.26759383728404745
2012-08-13 07:22:59,0.8184658506138114
2012-08-13 07:23:08,0.23281767453770152
2012-08-13 07:23:19,0.14201378932596953
2012-08-13 07:23:28,0.5671095484454296
2012-08-13 07:23:39,0.294736210660082
2012-08-13 07:23:49,1.5819454399291872
2012-08-13 07:23:58,0.2517043029409838
2012-08-13 07:24:09,0.3319972542224278
2012-08-13 07:24:18,2.1675895237485676
2012-08-13 07:24:29,3.384693626376645
2012-08-13 07:24:39,1.2706006260775997
2012-08-13 07:24:48,0.4610336580328696
2012-08-13 07:24:59,0.38877913648483275
2012-08-13 07:25:08,0.45551142556954427
2012-08-13 07:25:18,0.7140115387482223
2012-08-13 07:25:29,1.3221244409501862
2012-08-13 07:25:38,0.3566243485175199
2012-08-13 07:25:49,4.670078589288015
2012-08-13 07:25:58,7.1993522134884556
2012-08-13 07:26:08,3.5290856898535936
2012-08-13 07:26:19,0.2631555273049755
2012-08-13 07:26:28,0.6661914452158498
2012-08-13 07:26:39,0.5322284161999151
2012-08-13 07:26:49,0.20354072800741732
2012-08-13 07:26:58,0.3802266042118176
2012-08-13 07:27:09,1.3719844011109394
2012-08-13 07:27:18,3.894973661162761
2012-08-13 07:27:29,2.0349945035452315
2012-08-13 07:27:39,0.7658985954054358
2012-08-13 07:27:48,0.9307846683158089
2012-08-13 07:27:59,0.7177755537064751
2012-08-13 07:28:08,1.7313835760016136
2012-08-13 07:28:19,0.36496860533477904
2012-08-13 07:28:29,0.8950542123238884
2012-08-13 07:28:38,0.10226217445751434
2012-08-13 07:28:49,0.2570511272043339
2012-08-13 07:28:58,0.45600721672121164
2012-08-13 07:29:08,1.1655048416870877
2012-08-13 07:29:19,0.5247675743827744
2012-08-13 07:29:28,0.2118477722110138
2012-08-13 07:29:39,0.4331123961636677
2012-08-13 07:29:48,0.43311239598633455
2012-08-13 07:29:58,0.3987383486037661
2012-08-13 07:30:09,0.3433754712419486
2012-08-13 07:30:18,0.05567338137643033
2012-08-13 07:30:29,0.3229056131473123
2012-08-13 07:30:38,0.40592344206553876
2012-08-13 07:30:48,0.3629576976207854
2012-08-13 07:30:59,0.3450653955922681
2012-08-13 07:31:08,0.3911236709742421
2012-08-13 07:31:19,0.0555398811867156
2012-08-13 07:31:29,0.2173962781075644
2012-08-13 07:31:38,0.3238566536077164
2012-08-13 07:31:49,0.07992261765862539
2012-08-13 07:31:58,0.2654484059851738
2012-08-13 07:32:09,0.3555066910426457
2012-08-13 07:32:19,0.18409227200742712
2012-08-13 07:32:28,0.514387652520956
2012-08-13 07:32:39,0.3464899157820406
2012-08-13 07:32:48,0.10954343368161211
2012-08-13 07:32:59,0.2758151033570447
2012-08-13 07:33:09,4.393668113455478
2012-08-13 07:33:18,1.711146567954554
2012-08-13 07:33:29,1.928506403561844
2012-08-13 07:33:38,0.4480652396391314
2012-08-13 07:33:48,0.5751381986706435
2012-08-13 07:33:59,0.08931926967627285
2012-08-13 07:34:08,1.5379483302672943
2012-08-13 07:34:19,0.3038740865990694
2012-08-13 07:34:28,0.2792444431029616
2012-08-13 07:34:38,0.6572605943604254
2012-08-13 07:34:49,0.8008621621740444
2012-08-13 07:34:58,1.1418800347583895
2012-08-13 07:35:09,7.819258345646471
2012-08-13 07:35:18,1.2131075737987207
2012-08-13 07:35:28,0.153918106766446
2012-08-13 07:35:39,1.008139653542366
2012-08-13 07:35:48,0.4781331958683412
2012-08-13 07:35:59,0.6793053022322135
2012-08-13 07:36:09,0.49042488906075093
2012-08-13 07:36:18,1.5612551361574072
2012-08-13 07:36:29,0.7555204949337291
2012-08-13 07:36:38,1.1378142879841595
2012-08-13 07:36:49,0.4370439854982343
2012-08-13 07:36:59,0.11087165062491636
2012-08-13 07:37:08,0.6186568575800643
2012-08-13 07:37:19,1.138918660724794
2012-08-13 07:37:28,0.20969567223063268
2012-08-13 07:37:39,0.5649963061401514
2012-08-13 07:37:49,0.07037501036545638
2012-08-13 07:37:58,0.4794134197128784
2012-08-13 07:38:09,0.5251505237672417
2012-08-13 07:38:18,0.4936478802936701
2012-08-13 07:38:28,0.5606750157606255
2012-08-13 07:38:39,1.1829237119756697
2012-08-13 07:38:48,1.5080603248936084
2012-08-13 07:38:59,1.434109038656959
2012-08-13 07:39:08,0.0787235747218287
2012-08-13 07:39:18,1.5948486455620052
2012-08-13 07:39:29,0.6019897913147514
2012-08-13 07:39:38,0.3300596196273708
2012-08-13 07:39:49,0.5791088062305112
2012-08-13 07:39:58,0.9213028178782132
2012-08-13 07:40:08,0.3930408587119329
2012-08-13 07:40:19,0.851719760798892
2012-08-13 07:40:28,0.10016396710569277
2012-08-13 07:40:39,0.3681095711949861
2012-08-13 07:40:49,0.05530175169610478
2012-08-13 07:40:58,0.5765270795855323
2012-08-13 07:41:09,0.9180336821686277
2012-08-13 07:41:18,0.059617177518598206
2012-08-13 07:41:29,0.08102095553621434
2012-08-13 07:41:39,0.07821903322394858
2012-08-13 07:41:48,0.34287086122572197
2012-08-13 07:41:59,0.3240838255887528
2012-08-13 07:42:08,0.09457819906268741
2012-08-13 07:42:19,0.3240838276321116
2012-08-13 07:42:29,0.19908630651196257
2012-08-13 07:42:38,0.3099101566257018
2012-08-13 07:42:49,0.24168459276241422
2012-08-13 07:42:58,0.6830137488320652
2012-08-13 07:43:08,0.904526838880171
2012-08-13 07:43:19,0.1784978226896669
2012-08-13 07:43:28,0.4833682202823525
2012-08-13 07:43:39,0.32152229997195103
2012-08-13 07:43:48,0.2927238742960514
2012-08-13 07:43:58,0.24737030910023058
2012-08-13 07:44:09,0.2434413581901965
2012-08-13 07:44:18,0.1492501172463743
2012-08-13 07:44:29,0.37857900051581117
2012-08-13 07:44:39,0.4734922202317587
2012-08-13 07:44:48,0.15442636732193035
2012-08-13 07:44:59,0.3479986513979294
2012-08-13 07:45:08,0.329098585591667
2012-08-13 07:45:19,0.6481746936154135
2012-08-13 07:45:29,0.5022189422415204
2012-08-13 07:45:38,1.9486586793879115
2012-08-13 07:45:49,3.678561364599829
2012-08-13 07:45:58,0.6165675642901666
2012-08-13 07:46:09,5.733743835150296
2012-08-13 07:46:19,6.646188014468173
2012-08-13 07:46:28,6.564720194308982
2012-08-13 07:46:39,6.477997486802596
2012-08-13 07:46:48,10.194783588971587
2012-08-13 07:46:59,7.738296699080391
2012-08-13 07:47:09,7.074736739735494
2012-08-13 07:47:18,5.163510339072432
2012-08-13 07:47:29,7.676573422635753
2012-08-13 07:47:38,8.56609803232299
2012-08-13 07:47:48,7.412784932076589
2012-08-13 07:47:59,5.403115302072623
2012-08-13 07:48:08,4.914444096331689
2012-08-13 07:48:19,0.29862956603878704
2012-08-13 07:48:28,0.7480233999576803
2012-08-13 07:48:38,0.5612373103470596
2012-08-13 07:48:49,0.7297767741940013
2012-08-13 07:48:58,0.23253417868439352
2012-08-13 07:49:09,5.343189300564709
2012-08-13 07:49:19,6.993746569486956
2012-08-13 07:49:28,2.5115453723373196
2012-08-13 07:49:39,2.430476090867312
2012-08-13 07:49:48,0.9530621019260642
2012-08-13 07:49:59,0.5251661991765862
2012-08-13 07:50:09,0.7857800551280182
2012-08-13 07:50:18,1.7710494543948738
2012-08-13 07:50:29,2.5906353729540528
2012-08-13 07:50:38,1.131315663239153
2012-08-13 07:50:49,0.501281349393493
2012-08-13 07:50:59,1.9866833069183192
2012-08-13 07:51:08,1.7576550411059788
2012-08-13 07:51:19,0.6376235855454944
2012-08-13 07:51:28,0.46883223017777753
2012-08-13 07:51:38,1.0503014867008087
2012-08-13 07:51:49,0.8653413352341356
2012-08-13 07:51:58,0.39235870317281196
2012-08-13 07:52:09,0.4866727921275546
2012-08-13 07:52:18,3.482529595537349
2012-08-13 07:52:28,0.29513416102674556
2012-08-13 07:52:39,1.2681023430911567
2012-08-13 07:52:48,1.6896347125803277
2012-08-13 07:52:59,0.8023758724630887
2012-08-13 07:53:08,0.855912451270716
2012-08-13 07:53:18,2.303428218922409
2012-08-13 07:53:29,5.635130290344024
2012-08-13 07:53:38,2.0959054999575804
2012-08-13 07:53:49,4.014486998029914
2012-08-13 07:53:59,8.224136312560118
2012-08-13 07:54:08,7.718532181370619
2012-08-13 07:54:19,4.388722491239314
2012-08-13 07:54:28,1.316514675427269
2012-08-13 07:54:39,3.0457798302975685
2012-08-13 07:54:49,0.8654032491535384
2012-08-13 07:54:58,0.5516522325650469
2012-08-13 07:55:09,0.4029491459186445
2012-08-13 07:55:18,7.193784594396647
2012-08-13 07:55:29,3.898655758392995
2012-08-13 07:55:39,6.094047451832072
2012-08-13 07:55:48,0.5894728330026104
2012-08-13 07:55:59,6.80812693377498
2012-08-13 07:56:08,7.023279615451257
2012-08-13 07:56:18,1.1588101217309992
2012-08-13 07:56:29,4.93726825249789
2012-08-13 07:56:38,3.805820127450204
2012-08-13 07:56:49,3.1410847583641934
2012-08-13 07:56:58,1.6775947781837273
2012-08-13 07:57:08,0.3862468054030538
2012-08-13 07:57:19,0.2397680390248119
2012-08-13 07:57:28,0.8078535557899913
2012-08-13 07:57:39,1.8621779902030726
2012-08-13 07:57:48,4.9115020104016995
2012-08-13 07:57:58,2.69218422397622
2012-08-13 07:58:09,0.29835164528986885
2012-08-13 07:58:18,0.5470247463281528
2012-08-13 07:58:29,0.6056957304584197
2012-08-13 07:58:39,1.2480785141108763
2012-08-13 07:58:48,0.8848987996239841
2012-08-13 07:58:59,2.4004890776380594
2012-08-13 07:59:08,0.6424811441990966
2012-08-13 07:59:19,0.6214295774352363
2012-08-13 07:59:29,0.5641161060798303
2012-08-13 07:59:38,0.3114863750622772
2012-08-13 07:59:49,0.6866805777456484
2012-08-13 07:59:58,0.3513498398188344
2012-08-13 08:00:09,0.6862587359850024
2012-08-13 08:00:19,1.1588788571352424
2012-08-13 08:00:28,1.6884602857777569
2012-08-13 08:00:39,1.6881479341122962
2012-08-13 08:00:48,3.1854982420615894
2012-08-13 08:00:58,4.266832701728049
2012-08-13 08:01:09,2.6197444380330066
2012-08-13 08:01:18,2.212903864951
2012-08-13 08:01:29,0.37688627901551275
2012-08-13 08:01:38,1.1955624539548995
2012-08-13 08:01:48,3.5945107029912005
2012-08-13 08:01:59,1.4920219970112123
2012-08-13 08:02:08,0.9222182513169496
2012-08-13 08:02:19,2.5902779919620893
2012-08-13 08:02:28,1.1871808837370115
2012-08-13 08:02:38,0.9562671184118419
2012-08-13 08:02:49,0.8647874197422823
2012-08-13 08:02:58,1.5600560175042868
2012-08-13 08:03:09,1.789234391287511
2012-08-13 08:03:19,1.0355257041811863
2012-08-13 08:03:28,0.7309784598683524
2012-08-13 08:03:39,1.0425128117101703
2012-08-13 08:03:48,0.14643138587405077
2012-08-13 08:03:59,1.0194552347491932
2012-08-13 08:04:09,0.15783086275806882
2012-08-13 08:04:18,1.7373208969004512
2012-08-13 08:04:29,1.511219634215062
2012-08-13 08:04:38,0.3978361847100922
2012-08-13 08:04:49,2.823343174299885
2012-08-13 08:04:59,1.3319055223923355
2012-08-13 08:05:08,1.8301367550603174
2012-08-13 08:05:19,4.992545499697273
2012-08-13 08:05:28,2.187746811479383
2012-08-13 08:05:38,3.242076909418376
2012-08-13 08:05:49,1.8937026395666965
2012-08-13 08:05:58,0.3984738032322439
2012-08-13 08:06:09,2.037379570438939
2012-08-13 08:06:18,2.815463965258299
2012-08-13 08:06:28,0.6038064095261121
2012-08-13 08:06:39,1.2488135271630407
2012-08-13 08:06:48,0.8331708876283491
2012-08-13 08:06:59,2.381882393806054
2012-08-13 08:07:09,1.1404594082304866
2012-08-13 08:07:18,0.20451117219799347
2012-08-13 08:07:29,2.3877963993804014
2012-08-13 08:07:38,2.721358918685623
2012-08-13 08:07:49,2.841300212247832
2012-08-13 08:07:59,1.2053936119201598
2012-08-13 08:08:08,3.113853450854099
2012-08-13 08:08:19,0.942409848282366
2012-08-13 08:08:28,6.638127618455318
2012-08-13 08:08:39,11.225383528130497
2012-08-13 08:08:49,4.3176055761229275
2012-08-13 08:08:58,4.211969869090337
2012-08-13 08:09:09,1.3714846689242108
2012-08-13 08:09:18,0.2803377512592888
2012-08-13 08:09:29,1.5143576826268812
2012-08-13 08:09:39,0.7514090079699604
2012-08-13 08:09:48,5.149258734030788
2012-08-13 08:09:59,6.61205093065538
2012-08-13 08:10:08,6.10463900114399
2012-08-13 08:10:18,6.2400051248896755
2012-08-13 08:10:29,5.065019947563427
2012-08-13 08:10:38,2.8626504708404656
2012-08-13 08:10:49,13.95074076205729
2012-08-13 08:10:58,6.131905825791744
2012-08-13 08:11:08,11.235551764808918
2012-08-13 08:11:19,5.124213561051182
2012-08-13 08:11:28,3.7945815909976734
2012-08-13 08:11:39,3.8345764956070925
2012-08-13 08:11:49,0.8780950764010269
2012-08-13 08:11:58,0.10499851980496895
2012-08-13 08:12:09,0.4011708846898366
2012-08-13 08:12:18,9.818277370229223
2012-08-13 08:12:29,2.628684471552771
2012-08-13 08:12:39,0.6843259601228837
2012-08-13 08:12:48,0.8631896280872942
2012-08-13 08:12:59,3.528000455719577
2012-08-13 08:13:08,7.838014048718258
2012-08-13 08:13:19,9.068660066366599
2012-08-13 08:13:29,14.877922180923925
2012-08-13 08:13:38,11.125711595916195
2012-08-13 08:13:49,8.445071438357571
2012-08-13 08:13:58,6.685743891532863
2012-08-13 08:14:08,5.485035096665445
2012-08-13 08:14:19,2.710749745442653
2012-08-13 08:14:28,0.29209169829629367
2012-08-13 08:14:39,3.925909415963552
2012-08-13 08:14:48,0.8382166093820133
2012-08-13 08:14:58,3.029282527540837
2012-08-13 08:15:09,1.4526571399431647
2012-08-13 08:15:18,3.511797134052066
2012-08-13 08:15:29,0.4059239273069037
2012-08-13 08:15:38,0.22893943485521237
2012-08-13 08:15:48,0.31499563342322784
2012-08-13 08:15:59,2.901663311052816
2012-08-13 08:16:08,0.588851606377288
2012-08-13 08:16:19,0.9495938045579789
2012-08-13 08:16:29,0.43207902008347343
2012-08-13 08:16:38,2.802975886439903
2012-08-13 08:16:49,4.117000566611835
2012-08-13 08:16:58,1.899066826473037
2012-08-13 08:17:09,0.4854471621051514
2012-08-13 08:17:19,0.9767331509636634
2012-08-13 08:17:28,0.2486477308342271
2012-08-13 08:17:39,0.5806913501770848
2012-08-13 08:17:48,2.8517320531472916
2012-08-13 08:17:59,2.9916787181695
2012-08-13 08:18:09,4.497907554188004
2012-08-13 08:18:18,0.9086569716217113
2012-08-13 08:18:29,3.5409031104317537
2012-08-13 08:18:38,2.708207090420088
2012-08-13 08:18:48,0.7201719984341927
2012-08-13 08:18:59,0.4420043215101692
2012-08-13 08:19:08,0.8852549770408906
2012-08-13 08:19:19,3.575972935149921
2012-08-13 08:19:28,0.641603644069679
2012-08-13 08:19:38,0.21306415606741722
2012-08-13 08:19:49,0.8820760639441416
2012-08-13 08:19:58,3.446445676786607
2012-08-13 08:20:09,5.2932175465936835
2012-08-13 08:20:18,7.272879431836379
2012-08-13 08:20:28,8.742354644820765
2012-08-13 08:20:39,2.7795605377594934
2012-08-13 08:20:48,1.3755439029646523
2012-08-13 08:20:59,0.35347188532832324
2012-08-13 08:21:09,1.2030043918805013
2012-08-13 08:21:18,2.235435609051097
2012-08-13 08:21:29,0.27372680879131434
2012-08-13 08:21:38,0.2496158207072984
2012-08-13 08:21:49,0.4179128617283952
2012-08-13 08:21:59,0.8087650598694976
2012-08-13 08:22:08,7.37459704759357
2012-08-13 08:22:19,5.905948049876352
2012-08-13 08:22:28,1.9282892398728606
2012-08-13 08:22:39,3.5820675571967637
2012-08-13 08:22:49,6.600278767007953
2012-08-13 08:22:58,9.291908683924802
2012-08-13 08:23:09,7.721804099813772
2012-08-13 08:23:18,8.181886729754181
2012-08-13 08:23:28,11.066951978595249
2012-08-13 08:23:39,3.5648466641064456
2012-08-13 08:23:48,3.3086413349909414
2012-08-13 08:23:59,2.918824708671775
2012-08-13 08:24:08,4.794005162507639
2012-08-13 08:24:18,4.335652244807807
2012-08-13 08:24:29,0.16454947821412455
2012-08-13 08:24:38,5.024942700656017
2012-08-13 08:24:49,7.884143487517991
2012-08-13 08:24:58,7.884143487517991
2012-08-13 08:25:08,0.9130715622650598
2012-08-13 08:25:19,4.491646586376062
2012-08-13 08:25:28,5.9974473457586495
2012-08-13 08:25:39,3.801260041335811
2012-08-13 08:25:49,5.440127351479995
2012-08-13 08:25:58,5.710685746057987
2012-08-13 08:26:09,5.449393495818431
2012-08-13 08:26:18,7.432863484411369
2012-08-13 08:26:29,2.921582379903719
2012-08-13 08:26:39,4.60768429662574
2012-08-13 08:26:48,3.2313885677413188
2012-08-13 08:26:59,2.9025812404364975
2012-08-13 08:27:08,1.0807044129845524
2012-08-13 08:27:19,0.7600746769266092
2012-08-13 08:27:29,1.2511839360251966
2012-08-13 08:27:38,3.2271331376352075
2012-08-13 08:27:49,2.073443433157562
2012-08-13 08:27:58,3.844251438228976
2012-08-13 08:28:08,3.820210197628496
2012-08-13 08:28:19,1.900060528651288
2012-08-13 08:28:28,2.7616567697238654
2012-08-13 08:28:39,1.3944529518072937
2012-08-13 08:28:48,0.2797295047486889
2012-08-13 08:28:58,5.270107488808906
2012-08-13 08:29:09,8.853692032927947
2012-08-13 08:29:18,2.0260572480124677
2012-08-13 08:29:29,5.141344993632078
2012-08-13 08:29:39,2.433683321811767
2012-08-13 08:29:48,1.4091738787129218
2012-08-13 08:29:59,3.72335181092747
2012-08-13 08:30:08,8.257842029884012
2012-08-13 08:30:19,2.5947794744465082
2012-08-13 08:30:29,1.9515138086957504
2012-08-13 08:30:38,5.2764103689956325
2012-08-13 08:30:49,3.682661439231997
2012-08-13 08:30:58,2.1511264101523473
2012-08-13 08:31:09,1.5356418995443626
2012-08-13 08:31:19,0.3532628581226947
2012-08-13 08:31:28,0.6057676597543624
2012-08-13 08:31:39,2.634979711548611
2012-08-13 08:31:48,1.545833967198986
2012-08-13 08:31:59,2.9416273388468377
2012-08-13 08:32:09,1.462684804766836
2012-08-13 08:32:18,4.523750458038151
2012-08-13 08:32:29,4.55022520790799
2012-08-13 08:32:38,1.5542049595735803
2012-08-13 08:32:48,3.6166974172108097
2012-08-13 08:32:59,3.119429507494419
2012-08-13 08:33:08,2.0989004439104475
2012-08-13 08:33:19,3.635366081689576
2012-08-13 08:33:28,4.852037355032585
2012-08-13 08:33:38,0.3537518027479444
2012-08-13 08:33:49,0.86234619130753
2012-08-13 08:33:58,0.4892618554772425
2012-08-13 08:34:09,2.4799378171566437
2012-08-13 08:34:19,0.1336163022762392
2012-08-13 08:34:28,0.6724070110564311
2012-08-13 08:34:39,1.948368984167561
2012-08-13 08:34:48,3.1160940268042583
2012-08-13 08:34:59,4.562771140213586
2012-08-13 08:35:09,0.3177105391088426
2012-08-13 08:35:18,1.5399688728913208
2012-08-13 08:35:29,0.5639473115500035
2012-08-13 08:35:38,3.38814999774152
2012-08-13 08:35:49,2.677569888281091
2012-08-13 08:35:59,6.200662467876767
2012-08-13 08:36:08,2.9823787182112413
2012-08-13 08:36:19,0.2489262876946272
2012-08-13 08:36:28,0.6885544384508397
2012-08-13 08:36:38,1.5520059153773664
2012-08-13 08:36:49,0.20354097939018273
2012-08-13 08:36:58,0.0672898226053028
2012-08-13 08:37:09,4.699632269850762
2012-08-13 08:37:18,2.9921988616234008
2012-08-13 08:37:28,1.2996029137674818
2012-08-13 08:37:39,0.6376241828320838
2012-08-13 08:37:48,0.7705324915594948
2012-08-13 08:37:59,0.8378114887546241
2012-08-13 08:38:08,1.1742723352426352
2012-08-13 08:38:18,1.7621193128233636
2012-08-13 08:38:29,0.7245152872915983
2012-08-13 08:38:38,1.1091762844478539
2012-08-13 08:38:49,0.3467666516612796
2012-08-13 08:38:59,0.2031525494722003
2012-08-13 08:39:08,0.206219227082245
2012-08-13 08:39:19,0.60923645824379
2012-08-13 08:39:28,0.6799264968888177
2012-08-13 08:39:39,0.3977645195137775
2012-08-13 08:39:49,0.6773524266908203
2012-08-13 08:39:58,0.6094327480142236
2012-08-13 08:40:09,0.6400032398909543
2012-08-13 08:40:18,0.6691361782349142
2012-08-13 08:40:29,0.3421630964415907
2012-08-13 08:40:39,0.120193312802093
2012-08-13 08:40:48,0.5686762084474026
2012-08-13 08:40:59,1.0262886396804396
2012-08-13 08:41:08,0.7064860359246908
2012-08-13 08:41:18,0.7274952557663582
2012-08-13 08:41:29,0.6689810224989241
2012-08-13 08:41:38,0.7309789207438567
2012-08-13 08:41:49,0.7011486201153058
2012-08-13 08:41:58,0.487165259934114
2012-08-13 08:42:08,2.14175678621489
2012-08-13 08:42:19,3.390041455610519
2012-08-13 08:42:28,2.333330991402566
2012-08-13 08:42:39,8.34998607240916
2012-08-13 08:42:48,5.756506689800112
2012-08-13 08:42:58,4.765034734396409
2012-08-13 08:43:09,4.771253368486087
2012-08-13 08:43:18,2.299065533679875
2012-08-13 08:43:29,1.914671659189348
2012-08-13 08:43:39,1.2330381335121825
2012-08-13 08:43:48,0.9960389799928167
2012-08-13 08:43:59,1.8205857919561017
2012-08-13 08:44:08,4.073558739305912
2012-08-13 08:44:19,0.211125359420629
2012-08-13 08:44:29,0.6400032700828646
2012-08-13 08:44:38,3.354002744636894
2012-08-13 08:44:49,6.336114258744802
2012-08-13 08:44:58,2.7126699736038065
2012-08-13 08:45:09,7.665970799861536
2012-08-13 08:45:19,7.658724419985324
2012-08-13 08:45:28,6.800392986321073
2012-08-13 08:45:39,6.9414607304263205
2012-08-13 08:45:48,0.921145518294123
2012-08-13 08:45:58,0.26915936115139216
2012-08-13 08:46:09,0.3283115623394051
2012-08-13 08:46:18,0.8984775985069047
2012-08-13 08:46:29,0.34449469705751967
2012-08-13 08:46:38,1.3662362146089326
2012-08-13 08:46:48,2.7120814108817273
2012-08-13 08:46:59,0.5217417279034748
2012-08-13 08:47:08,1.0360290303536184
2012-08-13 08:47:19,2.625347519601991
2012-08-13 08:47:28,4.3394976445263325
2012-08-13 08:47:38,0.35648191590311984
2012-08-13 08:47:49,2.781694733080772
2012-08-13 08:47:58,0.7303237821936454
2012-08-13 08:48:09,1.120108356191811
2012-08-13 08:48:19,0.4434467346028814
2012-08-13 08:48:28,0.4346701156902315
2012-08-13 08:48:39,0.71964057375418
2012-08-13 08:48:48,0.44659705118957543
2012-08-13 08:48:59,3.3618737019385225
2012-08-13 08:49:09,3.445759355718119
2012-08-13 08:49:18,4.904548712216494
2012-08-13 08:49:29,0.9330803652149608
2012-08-13 08:49:38,2.750905358436831
2012-08-13 08:49:49,2.941215993537213
2012-08-13 08:49:59,0.9862256340882468
2012-08-13 08:50:08,0.541809674947019
2012-08-13 08:50:19,0.42137853353474475
2012-08-13 08:50:28,0.7285145296712798
2012-08-13 08:50:38,2.3576862272418073
2012-08-13 08:50:49,3.329855266438992
2012-08-13 08:50:58,4.240559451952538
2012-08-13 08:51:09,0.7838540244272968
2012-08-13 08:51:18,1.0624695971171407
2012-08-13 08:51:28,0.23617115344250172
2012-08-13 08:51:39,2.426295681674145
2012-08-13 08:51:48,1.2948291142169166
2012-08-13 08:51:59,1.3200600114919663
2012-08-13 08:52:09,0.9027981406819046
2012-08-13 08:52:18,1.6445871140554305
2012-08-13 08:52:29,5.243696210447599
2012-08-13 08:52:38,0.8729940932010091
2012-08-13 08:52:49,0.6651077176565899
2012-08-13 08:52:59,0.4957918982126449
2012-08-13 08:53:08,2.0668262567263547
2012-08-13 08:53:19,1.0123853042424953
2012-08-13 08:53:28,1.3741223160101543
2012-08-13 08:53:39,2.668768220368273
2012-08-13 08:53:49,1.3863797597291159
2012-08-13 08:53:58,0.3996137320826534
2012-08-13 08:54:09,2.6775923518683555
2012-08-13 08:54:18,0.8707524860146859
2012-08-13 08:54:29,0.45621145913114247
2012-08-13 08:54:39,2.708465352039681
2012-08-13 08:54:48,0.9653330484237151
2012-08-13 08:54:59,0.6657801014568617
2012-08-13 08:55:08,0.7766210341039675
2012-08-13 08:55:18,2.625324517910529
2012-08-13 08:55:29,1.5174546905907418
2012-08-13 08:55:38,0.9561644794990835
2012-08-13 08:55:49,0.8805257313615579
2012-08-13 08:55:58,0.5234476222177226
2012-08-13 08:56:08,0.5611389648584213
2012-08-13 08:56:19,0.2563367574843589
2012-08-13 08:56:28,1.0065549616116418
2012-08-13 08:56:39,0.37009881855625176
2012-08-13 08:56:49,1.7155687755956828
2012-08-13 08:56:58,0.37308203499605724
2012-08-13 08:57:09,0.5021588183102732
2012-08-13 08:57:18,0.631777456736422
2012-08-13 08:57:29,1.255808659117442
2012-08-13 08:57:39,0.9286453155374169
2012-08-13 08:57:48,2.8734677233666526
2012-08-13 08:57:59,0.6023043589534858
2012-08-13 08:58:08,0.5664194826469409
2012-08-13 08:58:19,1.6263098388334636
2012-08-13 08:58:29,2.859271909067909
2012-08-13 08:58:38,2.1835466721820307
2012-08-13 08:58:49,1.9826603852294267
2012-08-13 08:58:58,1.3925401130476924
2012-08-13 08:59:08,1.4188933290127037
2012-08-13 08:59:19,2.1781344479376203
2012-08-13 08:59:28,0.047083104886442996
2012-08-13 08:59:39,1.0355738408981876
2012-08-13 08:59:48,2.1655655411989208
2012-08-13 08:59:58,0.8017744707896534
2012-08-13 09:00:09,1.113961924817841
2012-08-13 09:00:18,1.1936390435719346
2012-08-13 09:00:29,0.12248166703408374
2012-08-13 09:00:38,0.7037155544715167
2012-08-13 09:00:48,1.0069760752106796
2012-08-13 09:00:59,0.8978134335659562
2012-08-13 09:01:08,0.47952057264778375
2012-08-13 09:01:19,0.6313746996266031
2012-08-13 09:01:29,1.5154338828219358
2012-08-13 09:01:38,0.5172550429437752
2012-08-13 09:01:49,0.7753936495276605
2012-08-13 09:01:58,1.0632570761744877
2012-08-13 09:02:09,0.8017874452646345
2012-08-13 09:02:19,0.6877860383424524
2012-08-13 09:02:28,1.4398210368560176
2012-08-13 09:02:39,0.36991478862311356
2012-08-13 09:02:48,1.7096226771905907
2012-08-13 09:02:59,0.3332514909866619
2012-08-13 09:03:09,0.8198918931556826
2012-08-13 09:03:18,0.2181061432006884
2012-08-13 09:03:29,1.187499740964806
2012-08-13 09:03:38,0.8425486847398073
2012-08-13 09:03:48,1.2051142624775195
2012-08-13 09:03:59,0.3679865588482209
2012-08-13 09:04:08,1.7005699251386823
2012-08-13 09:04:19,1.3168702765806393
2012-08-13 09:04:28,0.39264756016951124
2012-08-13 09:04:38,1.3386776528053785
2012-08-13 09:04:49,0.4427571119744298
2012-08-13 09:04:58,1.2648468596761713
2012-08-13 09:05:09,0.8797356213832794
2012-08-13 09:05:18,0.8865701145377888
2012-08-13 09:05:28,0.6342020662301971
2012-08-13 09:05:39,0.725106234519418
2012-08-13 09:05:48,0.5040408605767208
2012-08-13 09:05:59,1.7195177164577735
2012-08-13 09:06:09,1.5347752512384878
2012-08-13 09:06:18,2.134720591992566
2012-08-13 09:06:29,0.1558857588841777
2012-08-13 09:06:38,0.49303796656249227
2012-08-13 09:06:49,0.38886862384919874
2012-08-13 09:06:59,0.5249929086819939
2012-08-13 09:07:08,0.11981425373192614
2012-08-13 09:07:19,0.7321577170448768
2012-08-13 09:07:28,0.970295894283334
2012-08-13 09:07:39,1.3161320619686758
2012-08-13 09:07:49,2.4139508759726844
2012-08-13 09:07:58,1.2449569186409326
2012-08-13 09:08:09,0.7044806608760421
2012-08-13 09:08:18,0.7560429851821703
2012-08-13 09:08:28,0.2148586794693113
2012-08-13 09:08:39,0.7348900001648142
2012-08-13 09:08:48,0.8320546417198192
2012-08-13 09:08:59,0.9078909522645899
2012-08-13 09:09:08,1.255323718291386
2012-08-13 09:09:18,0.4314774272306802
2012-08-13 09:09:29,1.093338988752637
2012-08-13 09:09:38,0.9512929814694867
2012-08-13 09:09:49,1.1139619389285438
2012-08-13 09:09:58,2.763463948320565
2012-08-13 09:10:08,1.130466899582428
2012-08-13 09:10:19,0.77028183670186
2012-08-13 09:10:28,1.513566215934898
2012-08-13 09:10:39,0.3864586310991328
2012-08-13 09:10:49,3.18052604490277
2012-08-13 09:10:58,3.571911444234018
2012-08-13 09:11:09,1.865273487717722
2012-08-13 09:11:18,3.809804653433925
2012-08-13 09:11:29,3.216381372312431
2012-08-13 09:11:39,1.3369994232189555
2012-08-13 09:11:48,1.5716938833797558
2012-08-13 09:11:59,3.2823370173431567
2012-08-13 09:12:08,0.6012346496016523
2012-08-13 09:12:19,0.6010051204217748
2012-08-13 09:12:29,0.4884843205945935
2012-08-13 09:12:38,2.20741071777497
2012-08-13 09:12:49,4.599642968853248
2012-08-13 09:12:58,0.9856463534620564
2012-08-13 09:13:08,0.7251062093209323
2012-08-13 09:13:19,0.34799928087406473
2012-08-13 09:13:28,1.2003106686468068
2012-08-13 09:13:39,1.0176146347459025
2012-08-13 09:13:48,1.163278449491402
2012-08-13 09:13:58,2.6923549811706367
2012-08-13 09:14:09,0.9128548846102218
2012-08-13 09:14:18,0.7032378362137248
2012-08-13 09:14:29,1.1029982957798503
2012-08-13 09:14:39,1.1304834867561295
2012-08-13 09:14:48,3.089424836587849
2012-08-13 09:14:59,0.8753597232129762
2012-08-13 09:15:08,0.25912847347541984
2012-08-13 09:15:19,0.3577036125435374
2012-08-13 09:15:29,0.6474609756024441
2012-08-13 09:15:38,0.42746003932746424
2012-08-13 09:15:49,1.6839953191810502
2012-08-13 09:15:58,4.625077684880589
2012-08-13 09:16:09,2.986147671591869
2012-08-13 09:16:19,4.214331029073416
2012-08-13 09:16:28,1.485050188779753
2012-08-13 09:16:39,0.8825700141836171
2012-08-13 09:16:48,4.0135175357035395
2012-08-13 09:16:59,1.3253927617775314
2012-08-13 09:17:09,1.7660832750023667
2012-08-13 09:17:18,0.9657381122571121
2012-08-13 09:17:29,0.7203637774348742
2012-08-13 09:17:38,0.8918736743634511
2012-08-13 09:17:48,1.3133310929336282
2012-08-13 09:17:59,0.32554645491696926
2012-08-13 09:18:08,0.3541068202941355
2012-08-13 09:18:19,0.39304153233142186
2012-08-13 09:18:28,1.406994741602396
2012-08-13 09:18:38,3.3813424377852503
2012-08-13 09:18:49,1.1680119681586971
2012-08-13 09:18:58,0.32290618496542095
2012-08-13 09:19:09,0.23576860717645812
2012-08-13 09:19:19,0.29513449294219857
2012-08-13 09:19:28,1.423029762504552
2012-08-13 09:19:39,0.5419055950385269
2012-08-13 09:19:48,1.1389203299523127
2012-08-13 09:19:59,0.8543391521485095
2012-08-13 09:20:09,0.7592660255746696
2012-08-13 09:20:18,1.0612492225456842
2012-08-13 09:20:29,1.4112868586839624
2012-08-13 09:20:38,0.8094844784388165
2012-08-13 09:20:49,3.231417662087913
2012-08-13 09:20:59,1.7091033475513413
2012-08-13 09:21:08,0.6552687779201539
2012-08-13 09:21:19,0.967382871033791
2012-08-13 09:21:28,0.9553873861591327
2012-08-13 09:21:38,2.6661556586718653
2012-08-13 09:21:49,0.37753314695983636
2012-08-13 09:21:58,0.8552011404501559
2012-08-13 09:22:09,1.2493083394380613
2012-08-13 09:22:18,0.07429518411022577
2012-08-13 09:22:28,0.9298103544224915
2012-08-13 09:22:39,0.7952979368525664
2012-08-13 09:22:48,1.7219636508457923
2012-08-13 09:22:59,0.9540003188627526
2012-08-13 09:23:08,2.17173456645778
2012-08-13 09:23:18,0.8849937717796573
2012-08-13 09:23:29,4.935523071678381
2012-08-13 09:23:38,0.8084346500693648
2012-08-13 09:23:49,0.5641164687383514
2012-08-13 09:23:59,0.25823860389324343
2012-08-13 09:24:08,0.8691399070645504
2012-08-13 09:24:19,1.1369533691588967
2012-08-13 09:24:28,0.6712093672821988
2012-08-13 09:24:39,1.9946131116293657
2012-08-13 09:24:49,1.0358744310384367
2012-08-13 09:24:58,1.1206787631537547
2012-08-13 09:25:09,0.9294861019264838
2012-08-13 09:25:18,1.5413967010972571
2012-08-13 09:25:29,1.6720357411777214
2012-08-13 09:25:39,2.1286377773250504
2012-08-13 09:25:48,0.7133926467462653
2012-08-13 09:25:59,1.0064407233824173
2012-08-13 09:26:08,0.45530210363956547
2012-08-13 09:26:18,0.5125655707609411
2012-08-13 09:26:29,1.026701027334318
2012-08-13 09:26:38,0.5548721620722623
2012-08-13 09:26:49,0.975716792377951
2012-08-13 09:26:58,0.8924591103504701
2012-08-13 09:27:08,1.504383190456766
2012-08-13 09:27:19,1.5425066001883667
2012-08-13 09:27:28,1.957292149057706
2012-08-13 09:27:39,1.0340460507291656
2012-08-13 09:27:48,3.0426445731996306
2012-08-13 09:27:58,3.8889524010714043
2012-08-13 09:28:09,2.0654801271323278
2012-08-13 09:28:18,0.5359164310894121
2012-08-13 09:28:29,0.492171872535497
2012-08-13 09:28:39,0.3340408752638275
2012-08-13 09:28:48,1.56522512579927
2012-08-13 09:28:59,0.6802763392075462
2012-08-13 09:29:08,0.9407243506263567
2012-08-13 09:29:19,0.946851933428709
2012-08-13 09:29:29,0.8732758157970615
2012-08-13 09:29:38,1.2968908474009195
2012-08-13 09:29:49,1.2642629469831086
2012-08-13 09:29:58,1.2001663209356361
2012-08-13 09:30:09,1.0881898809088533
2012-08-13 09:30:19,0.7274953817468477
2012-08-13 09:30:28,1.9184523736506087
2012-08-13 09:30:39,2.623670463601124
2012-08-13 09:30:48,2.4167555151363374
2012-08-13 09:30:58,0.40923352224327625
2012-08-13 09:31:09,2.287632585915345
2012-08-13 09:31:18,1.4160250704278532
2012-08-13 09:31:29,0.8387840556642804
2012-08-13 09:31:38,0.6719991056537373
2012-08-13 09:31:48,1.9113051892704915
2012-08-13 09:31:59,1.6644585668616303
2012-08-13 09:32:08,1.9438989133988598
2012-08-13 09:32:19,4.387849298713784
2012-08-13 09:32:28,2.2378000248718926
2012-08-13 09:32:38,3.006773488575186
2012-08-13 09:32:49,1.2911420609487192
2012-08-13 09:32:58,0.7292447645408671
2012-08-13 09:33:09,0.7258745067927934
2012-08-13 09:33:19,2.7750140086064916
2012-08-13 09:33:28,2.9732219262346535
2012-08-13 09:33:39,2.4363609388498366
2012-08-13 09:33:48,0.11107993282725727
2012-08-13 09:33:59,0.6594552251057378
2012-08-13 09:34:09,0.6924568637857877
2012-08-13 09:34:18,1.510992374808489
2012-08-13 09:34:29,1.1289287972611581
2012-08-13 09:34:38,2.331893219785644
2012-08-13 09:34:49,2.6456605843734984
2012-08-13 09:34:59,1.5007877701438193
2012-08-13 09:35:08,4.516183465389629
2012-08-13 09:35:19,0.8875723521280453
2012-08-13 09:35:28,3.7013220399980002
2012-08-13 09:35:38,2.7246973476744727
2012-08-13 09:35:49,2.9325538472573025
2012-08-13 09:35:58,0.4800214606102534
2012-08-13 09:36:09,3.303397198488541
2012-08-13 09:36:18,0.8715128801788705
2012-08-13 09:36:28,0.8938214569875954
2012-08-13 09:36:39,0.5455314155870813
2012-08-13 09:36:48,5.221826590534576
2012-08-13 09:36:59,2.1824858064803645
2012-08-13 09:37:09,0.5979270241099032
2012-08-13 09:37:18,3.0444579394608215
2012-08-13 09:37:29,3.3071438506929476
2012-08-13 09:37:38,3.20851326640689
2012-08-13 09:37:49,2.233277699357463
2012-08-13 09:37:59,1.711905005962864
2012-08-13 09:38:08,0.28303910143636885
2012-08-13 09:38:19,1.8803942902141575
2012-08-13 09:38:28,0.7856015261006855
2012-08-13 09:38:39,0.3187128968996164
2012-08-13 09:38:49,1.0979973330795934
2012-08-13 09:38:58,0.423668117139139
2012-08-13 09:39:09,0.8300277398521421
2012-08-13 09:39:18,0.8175654872670736
2012-08-13 09:39:29,1.127015789577137
2012-08-13 09:39:39,1.5798970500426293
2012-08-13 09:39:48,0.683614690519886
2012-08-13 09:39:59,0.9056567235225954
2012-08-13 09:40:08,0.2688708906771628
2012-08-13 09:40:18,0.6510927777585676
2012-08-13 09:40:29,0.7775647259835986
2012-08-13 09:40:38,0.4980443639969145
2012-08-13 09:40:49,1.3262495024539693
2012-08-13 09:40:58,0.08672728398624484
2012-08-13 09:41:08,0.8021108982060379
2012-08-13 09:41:19,0.7410897170157537
2012-08-13 09:41:28,0.63176995706039
2012-08-13 09:41:39,0.8408825882498917
2012-08-13 09:41:49,0.07742254692011738
2012-08-13 09:41:58,0.7225117915629211
2012-08-13 09:42:09,1.1773115247712527
2012-08-13 09:42:18,1.9307084712304214
2012-08-13 09:42:29,1.1288587055599537
2012-08-13 09:42:39,1.2335989923102193
2012-08-13 09:42:48,0.958080715202537
2012-08-13 09:42:59,0.1576217716346924
2012-08-13 09:43:08,0.3699146833122558
2012-08-13 09:43:19,0.7377201074946395
2012-08-13 09:43:29,0.9291979719724102
2012-08-13 09:43:38,0.6094384959856334
2012-08-13 09:43:49,0.2517046795211908
2012-08-13 09:43:58,0.521283404290878
2012-08-13 09:44:08,1.1194780011173369
2012-08-13 09:44:19,0.8278880210990887
2012-08-13 09:44:28,0.682646389442134
2012-08-13 09:44:39,2.958279879143637
2012-08-13 09:44:48,1.9494904389313685
2012-08-13 09:44:58,1.6811676225864094
2012-08-13 09:45:09,0.8346631848691424
2012-08-13 09:45:18,0.26455642324374773
2012-08-13 09:45:29,0.2844458864746631
2012-08-13 09:45:38,0.6911479525962613
2012-08-13 09:45:48,0.967311854509408
2012-08-13 09:45:59,0.8439179541011325
2012-08-13 09:46:08,0.9210641024127781
2012-08-13 09:46:19,0.6208919171766064
2012-08-13 09:46:29,0.659700167842113
2012-08-13 09:46:38,0.33199768512202477
2012-08-13 09:46:49,1.0886835231259675
2012-08-13 09:46:58,0.6065722987421202
2012-08-13 09:47:09,0.18908989015369382
2012-08-13 09:47:19,3.7906197182537293
2012-08-13 09:47:28,4.325920484076256
2012-08-13 09:47:39,1.3896297131981576
2012-08-13 09:47:48,0.45409189913173265
2012-08-13 09:47:59,3.4017660685673072
2012-08-13 09:48:09,0.7982597868854335
2012-08-13 09:48:18,0.9575898571741583
2012-08-13 09:48:29,1.137549608728895
2012-08-13 09:48:38,2.730466447422397
2012-08-13 09:48:48,1.3362089153273375
2012-08-13 09:48:59,0.40238642584711
2012-08-13 09:49:08,0.48501116471580225
2012-08-13 09:49:19,0.26915928444952736
2012-08-13 09:49:28,0.45329763622490715
2012-08-13 09:49:38,0.17972131216040121
2012-08-13 09:49:49,0.12019330671422553
2012-08-13 09:49:58,0.5436561160801984
2012-08-13 09:50:09,0.11553785212052488
2012-08-13 09:50:18,0.39993508223155844
2012-08-13 09:50:28,0.39993508223045016
2012-08-13 09:50:39,0.14925030904597006
2012-08-13 09:50:48,0.5927242166731397
2012-08-13 09:50:59,1.5343204139328266
2012-08-13 09:51:09,0.6466640308305144
2012-08-13 09:51:18,0.470915553941229
2012-08-13 09:51:29,0.15495529976217193
2012-08-13 09:51:38,0.3088531680882188
2012-08-13 09:51:49,0.13379709296325867
2012-08-13 09:51:59,0.8756035085587858
2012-08-13 09:52:08,0.33591994569813566
2012-08-13 09:52:19,0.20032816775273896
2012-08-13 09:52:28,0.5348906907020998
2012-08-13 09:52:39,0.2987105704021508
2012-08-13 09:52:49,0.11107991616946053
2012-08-13 09:52:58,0.3813876121553272
2012-08-13 09:53:09,0.12368529848732633
2012-08-13 09:53:18,0.024864778432775018
2012-08-13 09:53:28,0.2430632241121657
2012-08-13 09:53:39,0.12616639797974072
2012-08-13 09:53:48,0.4014588489757186
2012-08-13 09:53:59,0.4678595237073531
2012-08-13 09:54:08,0.2903991895521564
2012-08-13 09:54:18,0.42160652459966724
2012-08-13 09:54:29,0.3071002923613528
2012-08-13 09:54:38,0.20186946556778243
2012-08-13 09:54:49,0.4613335517979737
2012-08-13 09:54:58,0.5131232532568314
2012-08-13 09:55:08,0.3624374155423858
2012-08-13 09:55:19,0.29286297895209845
2012-08-13 09:55:28,0.4900954392697397
2012-08-13 09:55:39,0.1128232631558711
2012-08-13 09:55:49,0.46415773432121066
2012-08-13 09:55:58,0.6739155855808804
2012-08-13 09:56:09,1.0576642401576255
2012-08-13 09:56:18,0.6148726517976645
2012-08-13 09:56:29,0.3078739492464942
2012-08-13 09:56:39,0.27289479326018795
2012-08-13 09:56:48,0.2755012748866041
2012-08-13 09:56:59,0.18835557394259964
2012-08-13 09:57:08,0.46327974785910336
2012-08-13 09:57:19,0.7018578108291821
2012-08-13 09:57:29,0.42225067339412414
2012-08-13 09:57:38,0.16492503066343758
2012-08-13 09:57:49,0.3474683017398945
2012-08-13 09:57:58,0.49014148799716833
2012-08-13 09:58:08,0.6472034187579115
2012-08-13 09:58:19,0.29145565074557667
2012-08-13 09:58:28,0.19609532426334922
2012-08-13 09:58:39,0.37452548498962707
2012-08-13 09:58:48,0.6685635727646899
2012-08-13 09:58:58,0.2766552159586638
2012-08-13 09:59:09,0.1786387666791415
2012-08-13 09:59:18,0.20663479807330692
2012-08-13 09:59:29,0.22378300242773885
2012-08-13 09:59:39,0.3374674832066565
2012-08-13 09:59:48,0.20164150470919248
2012-08-13 09:59:59,0.31489476767504204
2012-08-13 10:00:08,0.3138872553920938
2012-08-13 10:00:19,0.10200386224331916
2012-08-13 10:00:29,0.3733894386920371
2012-08-13 10:00:38,0.3978364487282896
2012-08-13 10:00:49,0.3699537861885935
2012-08-13 10:00:58,0.1993976683856043
2012-08-13 10:01:09,0.33952767415506285
2012-08-13 10:01:19,0.21132355482200774
2012-08-13 10:01:28,0.04006443597515989
2012-08-13 10:01:39,0.4697246235811388
2012-08-13 10:01:48,0.1368633902642447
2012-08-13 10:01:59,0.38332374279170417
2012-08-13 10:02:09,0.049530108252713714
2012-08-13 10:02:18,0.35727753195420187
2012-08-13 10:02:29,0.2920917517967383
2012-08-13 10:02:38,0.024765054803852715
2012-08-13 10:02:48,0.28045105036330237
2012-08-13 10:02:59,0.6025401623849175
2012-08-13 10:03:08,0.4378017539376421
2012-08-13 10:03:19,0.45866111826524764
2012-08-13 10:03:28,0.5075221521553811
2012-08-13 10:03:38,0.16540448344400913
2012-08-13 10:03:49,0.26217223721658517
2012-08-13 10:03:58,0.49009544384634596
2012-08-13 10:04:09,0.5280868622750121
2012-08-13 10:04:19,0.8484723504121364
2012-08-13 10:04:28,0.4251183560829126
2012-08-13 10:04:39,0.6344827124088096
2012-08-13 10:04:48,0.4241110000171445
2012-08-13 10:04:59,0.6270742402064542
2012-08-13 10:05:09,0.6982248493643501
2012-08-13 10:05:18,0.504665586569431
2012-08-13 10:05:29,0.31566190496075686
2012-08-13 10:05:38,0.7938682293766829
2012-08-13 10:05:49,0.272894794663296
2012-08-13 10:05:59,0.7359875498211538
2012-08-13 10:06:08,0.10556266927361291
2012-08-13 10:06:19,0.39908480992690404
2012-08-13 10:06:28,0.7379070721596558
2012-08-13 10:06:38,0.6826463465588339
2012-08-13 10:06:49,0.731104195906912
2012-08-13 10:06:58,0.3732214268366742
2012-08-13 10:07:09,0.22174358395489352
2012-08-13 10:07:18,0.3711598933700411
2012-08-13 10:07:28,0.7424894816309391
2012-08-13 10:07:39,0.4475660000729792
2012-08-13 10:07:48,0.1407502242891425
2012-08-13 10:07:59,0.4098389019337801
2012-08-13 10:08:08,0.4336474489054528
2012-08-13 10:08:18,0.7443481686401188
2012-08-13 10:08:29,1.0852590272106806
2012-08-13 10:08:38,0.6664620864278512
2012-08-13 10:08:49,0.520527103346532
2012-08-13 10:08:59,0.3766647016061599
2012-08-13 10:09:08,0.5032082882451727
2012-08-13 10:09:19,0.19743035998134054
2012-08-13 10:09:28,0.24961579096665476
2012-08-13 10:09:39,0.5088138465438459
2012-08-13 10:09:49,0.4625605050174389
2012-08-13 10:09:58,0.6290878964442529
2012-08-13 10:10:09,0.23487255696869005
2012-08-13 10:10:18,0.1806031630274555
2012-08-13 10:10:29,0.29286297782205456
2012-08-13 10:10:39,0.15744738275940087
2012-08-13 10:10:48,0.2244005113194794
2012-08-13 10:10:59,0.08102107396369265
2012-08-13 10:11:08,0.5695901105564393
2012-08-13 10:11:18,0.2679581476123687
2012-08-13 10:11:29,0.7443481756987899
2012-08-13 10:11:38,2.307419596023404
2012-08-13 10:11:49,1.2652011821731155
2012-08-13 10:11:58,2.154263619334013
2012-08-13 10:12:08,1.0992420056743697
2012-08-13 10:12:19,0.5215571914868999
2012-08-13 10:12:28,0.4255704461515042
2012-08-13 10:12:39,0.16914152129280877
2012-08-13 10:12:48,0.21866771832886106
2012-08-13 10:12:58,0.37922527506151504
2012-08-13 10:13:09,0.33944115815775555
2012-08-13 10:13:18,0.27351255604085595
2012-08-13 10:13:29,1.0280926270718544
2012-08-13 10:13:39,0.34216307699519793
2012-08-13 10:13:48,0.34305200588713364
2012-08-13 10:13:59,0.5967546703018688
2012-08-13 10:14:08,0.4051053732145939
2012-08-13 10:14:19,0.05990710421703627
2012-08-13 10:14:29,0.29953552388711446
2012-08-13 10:14:38,0.34671075820823727
2012-08-13 10:14:49,0.20402671399002484
2012-08-13 10:14:58,0.18121870689847097
2012-08-13 10:15:09,0.3499951502285451
2012-08-13 10:15:19,0.2403866127133538
2012-08-13 10:15:28,0.19113742401608183
2012-08-13 10:15:39,0.04589154447055814
2012-08-13 10:15:48,0.2928629780277269
2012-08-13 10:15:58,0.18248451871228832
2012-08-13 10:16:09,1.0751639130311423
2012-08-13 10:16:18,2.7298356516848585
2012-08-13 10:16:29,4.608107972946547
2012-08-13 10:16:38,2.798109888605857
2012-08-13 10:16:48,0.4458758798967017
2012-08-13 10:16:59,0.2712370817254323
2012-08-13 10:17:08,0.6922953113206504
2012-08-13 10:17:19,0.5000200655772987
2012-08-13 10:17:28,0.23541544100407436
2012-08-13 10:17:38,0.43846908356430514
2012-08-13 10:17:49,0.6487575893639037
2012-08-13 10:17:58,0.4509742974546352
2012-08-13 10:18:09,0.39733040151428656
2012-08-13 10:18:19,0.9638608000833294
2012-08-13 10:18:28,0.4251183539641754
2012-08-13 10:18:39,0.34527597694536893
2012-08-13 10:18:48,0.30219842720849727
2012-08-13 10:18:59,0.2586676536348112
2012-08-13 10:19:09,0.3766134655947721
2012-08-13 10:19:18,0.5390667541604109
2012-08-13 10:19:29,0.769009993763802
2012-08-13 10:19:38,0.8864538242101597
2012-08-13 10:19:49,0.398738927756816
2012-08-13 10:19:59,0.21739653720568097
2012-08-13 10:20:08,0.4297172116986311
2012-08-13 10:20:19,0.3616306361913036
2012-08-13 10:20:28,0.5876285522016025
2012-08-13 10:20:38,0.7537729772737783
2012-08-13 10:20:49,0.5075221499130291
2012-08-13 10:20:58,0.14392807161559207
2012-08-13 10:21:09,0.27476356488942605
2012-08-13 10:21:18,0.4110739371812691
2012-08-13 10:21:28,0.6133063528756406
2012-08-13 10:21:39,0.44551605180821857
2012-08-13 10:21:48,0.7954994698277913
2012-08-13 10:21:59,0.34552746075369206
2012-08-13 10:22:09,0.5022560416199375
2012-08-13 10:22:18,0.12217245563384053
2012-08-13 10:22:29,0.1666198735380474
2012-08-13 10:22:38,0.4051053734808339
2012-08-13 10:22:49,0.28380743238359624
2012-08-13 10:22:59,0.16204214986188278
2012-08-13 10:23:08,0.3143843379791434
2012-08-13 10:23:19,0.219234542840236
2012-08-13 10:23:28,0.5950757859138975
2012-08-13 10:23:39,0.15937796752612585
2012-08-13 10:23:49,1.1021425605395472
2012-08-13 10:23:58,0.583656752172454
2012-08-13 10:24:09,0.4193497336161766
2012-08-13 10:24:18,0.6410309750212788
2012-08-13 10:24:29,0.4354413112187882
2012-08-13 10:24:39,0.7881088130581733
2012-08-13 10:24:48,1.0075646749751388
2012-08-13 10:24:59,2.637848056555841
2012-08-13 10:25:08,0.26544871328184244
2012-08-13 10:25:18,2.404524192040959
2012-08-13 10:25:29,0.4713255732113201
2012-08-13 10:25:38,0.522879820302988
2012-08-13 10:25:49,0.2675941855345258
2012-08-13 10:25:58,0.883041382976544
2012-08-13 10:26:08,4.228537998828454
2012-08-13 10:26:19,2.3700713016046255
2012-08-13 10:26:28,0.6099482484279743
2012-08-13 10:26:39,1.3462913545939375
2012-08-13 10:26:49,1.9026252285005243
2012-08-13 10:26:58,2.1957664992269037
2012-08-13 10:27:09,0.637090090085186
2012-08-13 10:27:18,0.8575499644173523
2012-08-13 10:27:29,0.06728981945099242
2012-08-13 10:27:39,3.197041406720649
2012-08-13 10:27:48,0.7909738484167238
2012-08-13 10:27:59,1.020757011863976
2012-08-13 10:28:08,0.5168596237138322
2012-08-13 10:28:19,0.6507607512506467
2012-08-13 10:28:29,0.175675026764002
2012-08-13 10:28:38,0.10262464864986913
2012-08-13 10:28:49,0.37831614561557836
2012-08-13 10:28:58,4.072731041044497
2012-08-13 10:29:08,0.5260295063882221
2012-08-13 10:29:19,0.7082134345730974
2012-08-13 10:29:28,0.49883602194782456
2012-08-13 10:29:39,0.23118471965999624
2012-08-13 10:29:48,1.9576842264735217
2012-08-13 10:29:58,2.644459135921373
2012-08-13 10:30:09,0.36713234438517905
2012-08-13 10:30:18,0.1444894948759364
2012-08-13 10:30:29,0.7033838514673607
2012-08-13 10:30:38,0.5799539965420527
2012-08-13 10:30:48,0.746778850478692
2012-08-13 10:30:59,0.25657213751495356
2012-08-13 10:31:08,0.442270700783377
2012-08-13 10:31:19,0.2045246132765825
2012-08-13 10:31:29,0.8718399098597212
2012-08-13 10:31:38,0.30193286629801164
2012-08-13 10:31:49,1.4729430671859525
2012-08-13 10:31:58,0.3945754290676808
2012-08-13 10:32:09,0.7943452630427531
2012-08-13 10:32:19,0.686103992670513
2012-08-13 10:32:28,1.277570055175932
2012-08-13 10:32:39,1.1477921987796906
2012-08-13 10:32:48,0.13022693064251828
2012-08-13 10:32:59,1.8967609553367528
2012-08-13 10:33:09,2.231910144181793
2012-08-13 10:33:18,1.7681595014834548
2012-08-13 10:33:29,2.182651970977702
2012-08-13 10:33:38,0.7187174395610094
2012-08-13 10:33:48,2.421030385950611
2012-08-13 10:33:59,2.758002444925664
2012-08-13 10:34:08,2.2221611967082087
2012-08-13 10:34:19,1.2383201161949284
2012-08-13 10:34:28,1.713911596174261
2012-08-13 10:34:38,1.0104270813113054
2012-08-13 10:34:49,0.8890677956251167
2012-08-13 10:34:58,1.9496027963829805
2012-08-13 10:35:09,2.493697917666803
2012-08-13 10:35:18,0.23107568976802423
2012-08-13 10:35:28,4.077663779620508
2012-08-13 10:35:39,1.3288587492498807
2012-08-13 10:35:48,0.6725527240412783
2012-08-13 10:35:59,2.7350517675749613
2012-08-13 10:36:09,0.5506984817275785
2012-08-13 10:36:18,6.984660241144879
2012-08-13 10:36:29,6.09178746741158
2012-08-13 10:36:38,0.597001165406738
2012-08-13 10:36:49,3.981255016557328
2012-08-13 10:36:59,5.986136543085169
2012-08-13 10:37:08,3.4370647745516743
2012-08-13 10:37:19,2.8756920207811816
2012-08-13 10:37:28,0.45567739644517075
2012-08-13 10:37:39,1.069845432939378
2012-08-13 10:37:49,0.41059008566373995
2012-08-13 10:37:58,0.8405407544490598
2012-08-13 10:38:09,5.440159080217344
2012-08-13 10:38:18,0.7621585651938113
2012-08-13 10:38:28,4.1394388844967365
2012-08-13 10:38:39,3.5123668289456154
2012-08-13 10:38:48,4.538443606265838
2012-08-13 10:38:59,1.0425741498412757
2012-08-13 10:39:08,1.7486856846581715
2012-08-13 10:39:18,6.287161716484988
2012-08-13 10:39:29,4.842697915995378
2012-08-13 10:39:38,4.444543421100431
2012-08-13 10:39:49,4.75762588818106
2012-08-13 10:39:58,2.398306883087687
2012-08-13 10:40:08,1.8718854881212934
2012-08-13 10:40:19,0.11923448016489421
2012-08-13 10:40:28,0.772662475842647
2012-08-13 10:40:39,1.2483109406098318
2012-08-13 10:40:49,0.7779835097566666
2012-08-13 10:40:58,0.49333150708688994
2012-08-13 10:41:09,1.0418152634221916
2012-08-13 10:41:18,0.9804764818926179
2012-08-13 10:41:29,1.0118555095945114
2012-08-13 10:41:39,0.5257670645648833
2012-08-13 10:41:48,0.9840166425726097
2012-08-13 10:41:59,1.8279788524273588
2012-08-13 10:42:08,1.0954357047666694
2012-08-13 10:42:19,0.6264385685359234
2012-08-13 10:42:29,0.6113613836282553
2012-08-13 10:42:38,0.4961887754101393
2012-08-13 10:42:49,0.6791427902291358
2012-08-13 10:42:58,0.7919457054195804
2012-08-13 10:43:08,1.6378799872899013
2012-08-13 10:43:19,0.9124224695196163
2012-08-13 10:43:28,1.1143476459784265
2012-08-13 10:43:39,0.42532942713889
2012-08-13 10:43:48,0.6338708856945423
2012-08-13 10:43:58,0.5533311199781856
2012-08-13 10:44:09,1.217208183650346
2012-08-13 10:44:18,1.8557791427688861
2012-08-13 10:44:29,0.7631649283564469
2012-08-13 10:44:39,0.7912590491901365
2012-08-13 10:44:48,0.9254532173325399
2012-08-13 10:44:59,0.5004912170712182
2012-08-13 10:45:08,0.7829437175660131
2012-08-13 10:45:19,1.0627870635407386
2012-08-13 10:45:29,0.40411355403628213
2012-08-13 10:45:38,1.2639738652180013
2012-08-13 10:45:49,0.7285141520553866
2012-08-13 10:45:58,0.7694538555923695
2012-08-13 10:46:09,0.3224851956907535
2012-08-13 10:46:19,0.37105583457378827
2012-08-13 10:46:28,4.074266403683801
2012-08-13 10:46:39,10.932534235004907
2012-08-13 10:46:48,3.763204128913919
2012-08-13 10:46:59,0.3584944287436235
2012-08-13 10:47:09,0.7435006266771161
2012-08-13 10:47:18,0.8827497034094656
2012-08-13 10:47:29,2.419197576937979
2012-08-13 10:47:38,4.893667973962213
2012-08-13 10:47:48,1.1104645567863478
2012-08-13 10:47:59,3.043910618272616
2012-08-13 10:48:08,3.541808149161787
2012-08-13 10:48:19,5.921282552200097
2012-08-13 10:48:28,4.676270745635187
2012-08-13 10:48:38,2.5000382592792283
2012-08-13 10:48:49,2.7858582601944635
2012-08-13 10:48:58,3.225308222324602
2012-08-13 10:49:09,0.7537727527405003
2012-08-13 10:49:19,4.962382521961244
2012-08-13 10:49:28,2.2961973916413863
2012-08-13 10:49:39,2.4970602904981
2012-08-13 10:49:48,6.415047583665662
2012-08-13 10:49:59,3.5447231787834586
2012-08-13 10:50:09,5.446133637943781
2012-08-13 10:50:18,5.727171699286302
2012-08-13 10:50:29,4.826771079607933
2012-08-13 10:50:38,3.20498514657533
2012-08-13 10:50:49,2.9668995771582662
2012-08-13 10:50:59,1.8920293798172894
2012-08-13 10:51:08,0.8044524004033936
2012-08-13 10:51:19,0.05553993388176159
2012-08-13 10:51:28,1.2418759714115828
2012-08-13 10:51:38,2.1933099375373417
2012-08-13 10:51:49,2.1047119195209194
2012-08-13 10:51:58,0.6404864345373328
2012-08-13 10:52:09,3.9018059632633126
2012-08-13 10:52:18,4.353389835955213
2012-08-13 10:52:28,2.351952116531015
2012-08-13 10:52:39,2.95990936302282
2012-08-13 10:52:48,6.8915033511411234
2012-08-13 10:52:59,2.101851999037572
2012-08-13 10:53:08,3.808950829299016
2012-08-13 10:53:18,4.765723101847117
2012-08-13 10:53:29,4.220289992354087
2012-08-13 10:53:38,2.8956879483585625
2012-08-13 10:53:49,0.4434463954100019
2012-08-13 10:53:59,0.9315232117498601
2012-08-13 10:54:08,2.4033086469608644
2012-08-13 10:54:19,0.35727742068264473
2012-08-13 10:54:28,2.4925455873259934
2012-08-13 10:54:39,1.2926597800993578
2012-08-13 10:54:49,0.6820197678626967
2012-08-13 10:54:58,0.8617135575907376
2012-08-13 10:55:09,3.1390047764628046
2012-08-13 10:55:18,0.8055846205801919
2012-08-13 10:55:29,2.8464496335538025
2012-08-13 10:55:39,2.155389350438744
2012-08-13 10:55:48,0.4251182038476407
2012-08-13 10:55:59,0.3187557994185552
2012-08-13 10:56:08,0.28352815998508785
2012-08-13 10:56:18,6.234158769954587
2012-08-13 10:56:29,5.851067987160027
2012-08-13 10:56:38,2.422147385505607
2012-08-13 10:56:49,0.8476854562477912
2012-08-13 10:56:58,1.724889149620004
2012-08-13 10:57:08,1.3994315579922796
2012-08-13 10:57:19,2.4085693874837126
2012-08-13 10:57:28,0.6659528076295115
2012-08-13 10:57:39,0.8731048392241924
2012-08-13 10:57:48,1.3174066177895456
2012-08-13 10:57:58,3.092961002446371
2012-08-13 10:58:09,2.921244206412455
2012-08-13 10:58:18,5.6889493567126745
2012-08-13 10:58:29,4.803902658191156
2012-08-13 10:58:39,5.425063386063966
2012-08-13 10:58:48,2.565629275557876
2012-08-13 10:58:59,5.340047910327488
2012-08-13 10:59:08,1.1543472938617283
2012-08-13 10:59:19,3.601232669949634
2012-08-13 10:59:29,3.0813364340227825
2012-08-13 10:59:38,2.6552274890300733
2012-08-13 10:59:49,4.015935903195245
2012-08-13 10:59:58,1.870886727588554
2012-08-13 11:00:09,0.9896495608127559
2012-08-13 11:00:19,1.6526196312401273
2012-08-13 11:00:28,1.5681660222582554
2012-08-13 11:00:39,0.42419715490252335
2012-08-13 11:00:48,0.6581976983933436
2012-08-13 11:00:58,1.0940496288901418
2012-08-13 11:01:09,2.546318270570062
2012-08-13 11:01:18,4.709991618264199
2012-08-13 11:01:29,2.842064375414485
2012-08-13 11:01:38,3.1036781711590233
2012-08-13 11:01:48,3.445414018247199
2012-08-13 11:01:59,2.3663762549950134
2012-08-13 11:02:08,0.26638108433700775
2012-08-13 11:02:19,0.23617091564864218
2012-08-13 11:02:28,4.900198241618508
2012-08-13 11:02:38,0.857781513137186
2012-08-13 11:02:49,0.3203364906683849
2012-08-13 11:02:58,0.8020024993004184
2012-08-13 11:03:09,1.2088488833959583
2012-08-13 11:03:19,0.5108530528646602
2012-08-13 11:03:28,0.5419051114401567
2012-08-13 11:03:39,0.2840278271068513
2012-08-13 11:03:48,0.3699535530885755
2012-08-13 11:03:59,0.6795759535486718
2012-08-13 11:04:09,1.5037391268101596
2012-08-13 11:04:18,3.910552637210651
2012-08-13 11:04:29,0.9940973809006839
2012-08-13 11:04:38,0.466595825609597
2012-08-13 11:04:49,0.4199939938875774
2012-08-13 11:04:59,0.21414529016479422
2012-08-13 11:05:08,1.3100944012487779
2012-08-13 11:05:19,1.3601628676684916
2012-08-13 11:05:28,6.517917021979396
2012-08-13 11:05:38,5.541218304375724
2012-08-13 11:05:49,6.988094911306064
2012-08-13 11:05:58,2.7803267634883135
2012-08-13 11:06:09,2.5900608073359845
2012-08-13 11:06:18,0.2929089571240037
2012-08-13 11:06:28,0.48197468668999505
2012-08-13 11:06:39,2.98320231026113
2012-08-13 11:06:48,1.7153122876694957
2012-08-13 11:06:59,2.9773914957842074
2012-08-13 11:07:09,1.5615470127191315
2012-08-13 11:07:18,2.3222836209284066
2012-08-13 11:07:29,0.5747211379449128
2012-08-13 11:07:38,1.0021306735626012
2012-08-13 11:07:49,0.2040785353705366
2012-08-13 11:07:59,1.2957853765225038
2012-08-13 11:08:08,0.4082498712694922
2012-08-13 11:08:19,0.672497347222856
2012-08-13 11:08:28,0.2625832008438954
2012-08-13 11:08:39,3.963813728375584
2012-08-13 11:08:49,0.9924434573414277
2012-08-13 11:08:58,2.0239082499621905
2012-08-13 11:09:09,0.7604538333469384
2012-08-13 11:09:18,1.2801501992559463
2012-08-13 11:09:29,5.087458836923566
2012-08-13 11:09:39,4.269821832992679
2012-08-13 11:09:48,1.79049409716445
2012-08-13 11:09:59,0.7776115899773606
2012-08-13 11:10:08,2.51601048259935
2012-08-13 11:10:18,0.6494270280422714
2012-08-13 11:10:29,0.9998354671021339
2012-08-13 11:10:38,1.9367607831789457
2012-08-13 11:10:49,1.5737948773266761
2012-08-13 11:10:58,1.0064926117899546
2012-08-13 11:11:08,2.297792585107936
2012-08-13 11:11:19,3.280613289954269
2012-08-13 11:11:28,1.6808386625795164
2012-08-13 11:11:39,5.28237446618855
2012-08-13 11:11:49,1.8851836817638552
2012-08-13 11:11:58,1.2501065318099016
2012-08-13 11:12:09,1.4653675227739353
2012-08-13 11:12:18,0.5642277097930737
2012-08-13 11:12:29,0.7773604686134882
2012-08-13 11:12:39,1.1486190103592284
2012-08-13 11:12:48,1.063989210332607
2012-08-13 11:12:59,0.10556259510558676
2012-08-13 11:13:08,4.933374005594325
2012-08-13 11:13:19,1.6448696552075495
2012-08-13 11:13:29,0.6357222864890882
2012-08-13 11:13:38,1.1340338459097925
2012-08-13 11:13:49,0.37063703788623853
2012-08-13 11:13:58,1.434887181200364
2012-08-13 11:14:08,2.279451217502479
2012-08-13 11:14:19,1.394716726729336
2012-08-13 11:14:28,2.690332269530673
2012-08-13 11:14:39,2.19523822923292
2012-08-13 11:14:48,0.8620654570258299
2012-08-13 11:14:58,2.7334418897720485
2012-08-13 11:15:09,0.39817288421149516
2012-08-13 11:15:18,1.8358420204046115
2012-08-13 11:15:29,0.11791647873172346
2012-08-13 11:15:38,0.4549934743671691
2012-08-13 11:15:48,0.8160050931856948
2012-08-13 11:15:59,0.8160050932430324
2012-08-13 11:16:08,4.369804121688769
2012-08-13 11:16:19,3.9420819859156766
2012-08-13 11:16:29,1.703606649823591
2012-08-13 11:16:38,1.275788790506202
2012-08-13 11:16:49,0.7448794763754422
2012-08-13 11:16:58,2.573380758613073
2012-08-13 11:17:09,0.44730531111330774
2012-08-13 11:17:19,0.8873359513528352
2012-08-13 11:17:28,2.1115634323737393
2012-08-13 11:17:39,1.5598793790641332
2012-08-13 11:17:48,1.3656039384997374
2012-08-13 11:17:59,0.31454372045131573
2012-08-13 11:18:09,0.7037149061618403
2012-08-13 11:18:18,1.120514276936395
2012-08-13 11:18:29,0.06771745832892043
2012-08-13 11:18:38,4.130364138472015
2012-08-13 11:18:48,3.5665581065248197
2012-08-13 11:18:59,1.3527186395052448
2012-08-13 11:19:08,3.744791133428654
2012-08-13 11:19:19,3.6868637222792766
2012-08-13 11:19:28,0.24496303113801357
2012-08-13 11:19:38,0.6128069535344179
2012-08-13 11:19:49,0.6955177784394792
2012-08-13 11:19:58,0.8856769413669271
2012-08-13 11:20:09,1.3272872986374642
2012-08-13 11:20:18,1.5433046268760051
2012-08-13 11:20:28,1.407610539057808
2012-08-13 11:20:39,4.548390643038771
2012-08-13 11:20:48,3.5366184877224485
2012-08-13 11:20:59,1.9044428726780849
2012-08-13 11:21:09,4.59467526807627
2012-08-13 11:21:18,1.186530429454823
2012-08-13 11:21:29,0.458660699351629
2012-08-13 11:21:38,2.58827713204886
2012-08-13 11:21:49,1.7465917186847912
2012-08-13 11:21:59,2.4053555369038824
2012-08-13 11:22:08,1.6337606146063604
2012-08-13 11:22:19,1.0971335871692065
2012-08-13 11:22:28,0.6661918563490135
2012-08-13 11:22:39,1.1415949795479587
2012-08-13 11:22:49,2.0376770109867324
2012-08-13 11:22:58,4.995096541743505
2012-08-13 11:23:09,1.8842285295585404
2012-08-13 11:23:18,0.6664789431930653
2012-08-13 11:23:28,0.41592175863547676
2012-08-13 11:23:39,0.12432378111307818
2012-08-13 11:23:48,0.6045333468440542
2012-08-13 11:23:59,0.7668708952226575
2012-08-13 11:24:08,4.419529175542279
2012-08-13 11:24:18,0.5553790188032861
2012-08-13 11:24:29,1.3607369030091168
2012-08-13 11:24:38,3.1628660259396355
2012-08-13 11:24:49,1.8368243517385592
2012-08-13 11:24:58,4.06656578701819
2012-08-13 11:25:08,2.364366151193414
2012-08-13 11:25:19,1.317405960288186
2012-08-13 11:25:28,0.5148130590698418
2012-08-13 11:25:39,1.2032568612239076
2012-08-13 11:25:49,4.120725343661428
2012-08-13 11:25:58,1.7385695940575125
2012-08-13 11:26:09,1.2880468695202287
2012-08-13 11:26:18,0.4857333312261699
2012-08-13 11:26:29,1.4669956145648368
2012-08-13 11:26:39,0.6728977560945003
2012-08-13 11:26:48,3.143301402628609
2012-08-13 11:26:59,2.1347647624281643
2012-08-13 11:27:08,0.38404458956434984
2012-08-13 11:27:19,0.8641574095755847
2012-08-13 11:27:29,2.06490553875687
2012-08-13 11:27:38,2.0886797354622453
2012-08-13 11:27:49,1.359756331546822
2012-08-13 11:27:58,1.4930611843618282
2012-08-13 11:28:08,1.74226677030234
2012-08-13 11:28:19,1.1752559578470312
2012-08-13 11:28:28,0.9051877438946295
2012-08-13 11:28:39,1.9776531576218739
2012-08-13 11:28:48,0.44035164383943276
2012-08-13 11:28:58,4.386841805700086
2012-08-13 11:29:09,1.1028327565789742
2012-08-13 11:29:18,1.3068307548567553
2012-08-13 11:29:29,1.460448798717041
2012-08-13 11:29:39,0.9858412363071346
2012-08-13 11:29:48,0.7370078142344587
2012-08-13 11:29:59,1.2506692625451656
2012-08-13 11:30:08,0.924774035248846
2012-08-13 11:30:19,0.5431368033972888
2012-08-13 11:30:29,0.7110137157141301
2012-08-13 11:30:38,6.288040289215546
2012-08-13 11:30:49,2.638064754421899
2012-08-13 11:30:58,0.7519650257373975
2012-08-13 11:31:09,2.101496898820127
2012-08-13 11:31:19,1.5877350945137467
2012-08-13 11:31:28,0.9744334644027313
2012-08-13 11:31:39,0.46892211712246573
2012-08-13 11:31:48,1.448904987297019
2012-08-13 11:31:59,2.7927596939637533
2012-08-13 11:32:09,0.5907294907873692
2012-08-13 11:32:18,0.8004774009519013
2012-08-13 11:32:29,1.2432376255042066
2012-08-13 11:32:38,3.17012873890726
2012-08-13 11:32:48,0.8956062241717521
2012-08-13 11:32:59,1.7613443591808233
2012-08-13 11:33:08,1.1309904061291216
2012-08-13 11:33:19,1.5131758875004513
2012-08-13 11:33:28,0.2828289122434274
2012-08-13 11:33:38,1.195960325460411
2012-08-13 11:33:49,0.7140264693346297
2012-08-13 11:33:58,2.76325422694849
2012-08-13 11:34:09,6.418286807380449
2012-08-13 11:34:19,2.861314289387469
2012-08-13 11:34:28,2.1750913287132727
2012-08-13 11:34:39,0.14859019211133975
2012-08-13 11:34:48,0.9430730955379145
2012-08-13 11:34:59,1.4530155195824392
2012-08-13 11:35:09,0.671348265103387
2012-08-13 11:35:18,1.275190753332669
2012-08-13 11:35:29,0.7237882396236676
2012-08-13 11:35:38,1.2646661574537355
2012-08-13 11:35:49,0.8920209683457775
2012-08-13 11:35:59,1.7977108609926653
2012-08-13 11:36:08,0.6549314525690463
2012-08-13 11:36:19,0.19011336181995767
2012-08-13 11:36:28,0.5527276135683652
2012-08-13 11:36:38,3.2138215585122736
2012-08-13 11:36:49,2.4060383313209224
2012-08-13 11:36:58,0.12689639428074545
2012-08-13 11:37:09,3.5960832457179204
2012-08-13 11:37:18,2.65078805336641
2012-08-13 11:37:28,1.8182321866891067
2012-08-13 11:37:39,0.15840703670305115
2012-08-13 11:37:48,0.4536793976293932
2012-08-13 11:37:59,0.6038652374547289
2012-08-13 11:38:08,0.7521864725805513
2012-08-13 11:38:18,0.575711767696948
2012-08-13 11:38:29,0.2996309289708087
2012-08-13 11:38:38,0.604533205069675
2012-08-13 11:38:49,3.9089308911581315
2012-08-13 11:38:59,0.9418299671520569
2012-08-13 11:39:08,0.8861770884244659
2012-08-13 11:39:19,0.27449894125734364
2012-08-13 11:39:28,1.02434814793599
2012-08-13 11:39:39,3.2288817449119565
2012-08-13 11:39:49,2.144826842414967
2012-08-13 11:39:58,2.8527341257203425
2012-08-13 11:40:09,4.602345429683378
2012-08-13 11:40:18,1.320904854320243
2012-08-13 11:40:29,2.0368755508529213
2012-08-13 11:40:39,1.4060013408687906
2012-08-13 11:40:48,1.1288575050101297
2012-08-13 11:40:59,0.7888099093094894
2012-08-13 11:41:08,1.8034925953573868
2012-08-13 11:41:18,0.1891564445518581
2012-08-13 11:41:29,0.6693377768741465
2012-08-13 11:41:38,0.6375110827199558
2012-08-13 11:41:49,0.47132511313387987
2012-08-13 11:41:58,1.0952632405939609
2012-08-13 11:42:08,0.7015719718202524
2012-08-13 11:42:19,1.7200147249814872
2012-08-13 11:42:28,0.6875655586390693
2012-08-13 11:42:39,2.4715026368206883
2012-08-13 11:42:48,0.4441336021965274
2012-08-13 11:42:58,1.123094028729363
2012-08-13 11:43:09,0.2797292280301847
2012-08-13 11:43:18,0.4343933011735909
2012-08-13 11:43:29,1.5264911706635529
2012-08-13 11:43:39,1.0463499767490285
2012-08-13 11:43:48,1.707290682242731
2012-08-13 11:43:59,5.421730745950578
2012-08-13 11:44:08,3.4570453803252077
2012-08-13 11:44:19,3.060206763412595
2012-08-13 11:44:29,2.366590612425874
2012-08-13 11:44:38,0.7857799783641372
2012-08-13 11:44:49,0.36212262903193376
2012-08-13 11:44:58,2.6503824054427745
2012-08-13 11:45:09,6.071175420322938
2012-08-13 11:45:19,0.6619923196599238
2012-08-13 11:45:28,0.22775580535325132
2012-08-13 11:45:39,0.33568432499560896
2012-08-13 11:45:48,0.16627854212750123
2012-08-13 11:45:58,0.4556564898277204
2012-08-13 11:46:09,0.6440233382751975
2012-08-13 11:46:18,4.125205303465636
2012-08-13 11:46:29,4.673462458574451
2012-08-13 11:46:38,2.7443019933041284
2012-08-13 11:46:48,1.346695242645036
2012-08-13 11:46:59,2.970149621753173
2012-08-13 11:47:08,0.9307848988687923
2012-08-13 11:47:19,1.2230830018939576
2012-08-13 11:47:28,0.4260415101867029
2012-08-13 11:47:38,1.7917934203558972
2012-08-13 11:47:49,0.23374577315787196
2012-08-13 11:47:58,0.5488628482896919
2012-08-13 11:48:09,1.294649935195247
2012-08-13 11:48:19,3.0613147226662076
2012-08-13 11:48:28,0.7274296013093946
2012-08-13 11:48:39,0.8383161586381073
2012-08-13 11:48:48,2.0650134574670873
2012-08-13 11:48:59,0.24595967327697893
2012-08-13 11:49:09,1.1043676953431518
2012-08-13 11:49:18,0.15923796866727394
2012-08-13 11:49:29,2.6461189193839942
2012-08-13 11:49:38,4.889524401747178
2012-08-13 11:49:49,4.440626031716146
2012-08-13 11:49:59,0.584492152116188
2012-08-13 11:50:08,0.7997460715067831
2012-08-13 11:50:19,0.5197818240479256
2012-08-13 11:50:28,0.4455154835529048
2012-08-13 11:50:38,1.5167404504121962
2012-08-13 11:50:49,0.7745449268382427
2012-08-13 11:50:58,0.14222277203101819
2012-08-13 11:51:09,0.7219398895835961
2012-08-13 11:51:18,0.47289110874945584
2012-08-13 11:51:28,0.5609014435431957
2012-08-13 11:51:39,0.5670313518084092
2012-08-13 11:51:48,0.23962812196598107
2012-08-13 11:51:59,0.34649000105817446
2012-08-13 11:52:09,0.6788816092538609
2012-08-13 11:52:18,0.6468250027958323
2012-08-13 11:52:29,1.5847548050905316
2012-08-13 11:52:38,2.797000137479063
2012-08-13 11:52:49,1.319499331423369
2012-08-13 11:52:59,0.2747632222544732
2012-08-13 11:53:08,2.1808122142035806
2012-08-13 11:53:19,6.576412024312744
2012-08-13 11:53:28,1.3379604358219095
2012-08-13 11:53:39,0.5612372687371688
2012-08-13 11:53:49,0.11405424920041078
2012-08-13 11:53:58,0.618657021012892
2012-08-13 11:54:09,0.31709511820734576
2012-08-13 11:54:18,0.30989000349494805
2012-08-13 11:54:29,1.538282501551563
2012-08-13 11:54:39,1.0563459843652119
2012-08-13 11:54:48,0.8654030094789186
2012-08-13 11:54:59,0.7250829631303686
2012-08-13 11:55:08,0.3630325731120101
2012-08-13 11:55:18,4.036156142408465
2012-08-13 11:55:29,6.859453067763481
2012-08-13 11:55:38,6.956092507428463
2012-08-13 11:55:49,6.260553978435432
2012-08-13 11:55:58,5.328518117818385
2012-08-13 11:56:08,7.680771332761539
2012-08-13 11:56:19,3.9295819908758656
2012-08-13 11:56:28,0.7119571907686827
2012-08-13 11:56:39,1.8382218614372614
2012-08-13 11:56:49,0.6004132099254338
2012-08-13 11:56:58,5.9848559898568015
2012-08-13 11:57:09,2.9912843100726136
2012-08-13 11:57:18,2.7488980582687423
2012-08-13 11:57:29,0.7624044951648721
2012-08-13 11:57:39,1.1257599891981305
2012-08-13 11:57:48,0.5102105868808415
2012-08-13 11:57:59,2.514120480016486
2012-08-13 11:58:08,4.691293790657112
2012-08-13 11:58:19,5.582895476375103
2012-08-13 11:58:29,0.8801814610226245
2012-08-13 11:58:38,0.7870336895159465
2012-08-13 11:58:49,1.707699208390527
2012-08-13 11:58:58,3.473064974225124
2012-08-13 11:59:08,0.16454937443566622
2012-08-13 11:59:19,0.6156727269075534
2012-08-13 11:59:28,1.6480306548337649
2012-08-13 11:59:39,1.1948244953441214
2012-08-13 11:59:48,3.7906794215468995
2012-08-13 11:59:58,7.688281383731261
2012-08-13 12:00:09,6.303021009961724
2012-08-13 12:00:18,5.2985083316095904
2012-08-13 12:00:29,4.681686329092743
2012-08-13 12:00:38,6.289361625939627
2012-08-13 12:00:48,4.482674159097249
2012-08-13 12:00:59,2.734186809121171
2012-08-13 12:01:08,2.071032303862275
2012-08-13 12:01:19,2.1810594169565225
2012-08-13 12:01:29,2.9707618483293428
2012-08-13 12:01:38,0.6836139708098704
2012-08-13 12:01:49,0.892589866427032
2012-08-13 12:01:58,0.748846994009685
2012-08-13 12:02:09,3.329750931357261
2012-08-13 12:02:19,3.600649227219183
2012-08-13 12:02:28,3.7769843480607395
2012-08-13 12:02:39,2.1373287398352985
2012-08-13 12:02:48,0.7322860459002165
2012-08-13 12:02:59,0.4674917417773196
2012-08-13 12:03:09,1.1144268291989476
2012-08-13 12:03:18,0.6362145765446664
2012-08-13 12:03:29,0.7363694998577929
2012-08-13 12:03:38,0.6576291126354801
2012-08-13 12:03:48,1.613223881566047
2012-08-13 12:03:59,0.9111742779301154
2012-08-13 12:04:08,5.831352298835331
2012-08-13 12:04:19,1.9529019365520728
2012-08-13 12:04:28,0.43686784754394226
2012-08-13 12:04:38,0.21302084401707536
2012-08-13 12:04:49,0.7812581930198476
2012-08-13 12:04:58,0.8123050639576567
2012-08-13 12:05:09,0.5666407433072247
2012-08-13 12:05:18,0.9849385128106086
2012-08-13 12:05:28,0.22172309628463266
2012-08-13 12:05:39,0.5316281244654734
2012-08-13 12:05:48,2.311595522464782
2012-08-13 12:05:59,1.2604493565133816
2012-08-13 12:06:09,4.290231086221821
2012-08-13 12:06:18,5.170402541838755
2012-08-13 12:06:29,3.6118347934009614
2012-08-13 12:06:38,1.119881919561575
2012-08-13 12:06:49,0.8065652170388667
2012-08-13 12:06:59,0.5584891694027471
2012-08-13 12:07:08,0.7178314705503009
2012-08-13 12:07:19,0.5105893786108078
2012-08-13 12:07:28,3.985646689469889
2012-08-13 12:07:39,5.531872185756088
2012-08-13 12:07:49,4.968134931720709
2012-08-13 12:07:58,3.5177746836993786
2012-08-13 12:08:09,5.297472419851255
2012-08-13 12:08:18,0.31875564685559155
2012-08-13 12:08:28,1.7087687466768207
2012-08-13 12:08:39,0.6731452060082841
2012-08-13 12:08:48,4.400825710520581
2012-08-13 12:08:59,1.649280923453839
2012-08-13 12:09:08,1.1615751321293386
2012-08-13 12:09:18,5.804929605954186
2012-08-13 12:09:29,3.1977856347287212
2012-08-13 12:09:38,1.0756824452502682
2012-08-13 12:09:49,1.2295163567025986
2012-08-13 12:09:58,0.8458970863658178
2012-08-13 12:10:08,0.7300686686767115
2012-08-13 12:10:19,1.4979391544642893
2012-08-13 12:10:28,1.4392799910533138
2012-08-13 12:10:39,3.2368686247630816
2012-08-13 12:10:49,3.1137219681396227
2012-08-13 12:10:58,1.7042471338266187
2012-08-13 12:11:09,3.727608652008328
2012-08-13 12:11:18,2.878047165755574
2012-08-13 12:11:29,2.0674182149657505
2012-08-13 12:11:39,3.186334449692045
2012-08-13 12:11:48,1.24767317358963
2012-08-13 12:11:59,1.301571737108478
2012-08-13 12:12:08,0.8769854505990348
2012-08-13 12:12:19,0.3433402872217437
2012-08-13 12:12:29,1.4380191592631506
2012-08-13 12:12:38,1.2247719871404215
2012-08-13 12:12:49,0.9004749688050252
2012-08-13 12:12:58,0.5107669056800513
2012-08-13 12:13:08,1.2123399659353453
2012-08-13 12:13:19,3.0205493978646576
2012-08-13 12:13:28,2.4275106759010274
2012-08-13 12:13:39,4.261704730617992
2012-08-13 12:13:48,2.2067727977665577
2012-08-13 12:13:58,1.1299329296215324
2012-08-13 12:14:09,5.922834756923773
2012-08-13 12:14:18,4.473251390861782
2012-08-13 12:14:29,0.7489695819314584
2012-08-13 12:14:39,1.462644611275684
2012-08-13 12:14:48,4.375268174755416
2012-08-13 12:14:59,3.1687795963720906
2012-08-13 12:15:08,2.710611816241769
2012-08-13 12:15:19,1.191398237151306
2012-08-13 12:15:29,0.5172544573753337
2012-08-13 12:15:38,1.750383195650936
2012-08-13 12:15:49,0.07111142427714824
2012-08-13 12:15:58,0.7266927696048069
2012-08-13 12:16:09,0.4092333389641933
2012-08-13 12:16:19,0.19443410789016613
2012-08-13 12:16:28,0.2551754637725862
2012-08-13 12:16:39,0.2679580451498741
2012-08-13 12:16:48,0.0867272267193102
2012-08-13 12:16:59,0.9141721297087989
2012-08-13 12:17:09,0.37664433167331235
2012-08-13 12:17:18,0.10226225843660564
2012-08-13 12:17:29,0.6527586688131448
2012-08-13 12:17:38,6.206233546134505
2012-08-13 12:17:48,2.8887217579191655
2012-08-13 12:17:59,2.6213374371251406
2012-08-13 12:18:08,0.16492495134600538
2012-08-13 12:18:19,0.4787946738804051
2012-08-13 12:18:28,0.5625698280712542
2012-08-13 12:18:38,1.4360687423101337
2012-08-13 12:18:49,0.6575835756977284
2012-08-13 12:18:58,0.64623291611576
2012-08-13 12:19:09,1.5953985620288254
2012-08-13 12:19:19,2.079410614667661
2012-08-13 12:19:28,1.259972908155025
2012-08-13 12:19:39,0.49139590080282536
2012-08-13 12:19:48,2.5728538230607043
2012-08-13 12:19:59,2.870167846922169
2012-08-13 12:20:09,4.961259548889198
2012-08-13 12:20:18,1.838676517259903
2012-08-13 12:20:29,0.3750535495125907
2012-08-13 12:20:38,0.5288317264025959
2012-08-13 12:20:49,1.4764354486821076
2012-08-13 12:20:59,1.2973183722162962
2012-08-13 12:21:08,0.43043515998492937
2012-08-13 12:21:19,0.3336703199106708
2012-08-13 12:21:28,0.47909885072816666
2012-08-13 12:21:38,1.2490519067182029
2012-08-13 12:21:49,0.6128069832664219
2012-08-13 12:21:58,0.42138763582774974
2012-08-13 12:22:09,4.775503992885741
2012-08-13 12:22:18,0.7216521897719265
2012-08-13 12:22:28,1.1043294578344791
2012-08-13 12:22:39,0.45101438564857577
2012-08-13 12:22:48,0.5473902923467932
2012-08-13 12:22:59,0.3196907498490982
2012-08-13 12:23:08,1.0587093240022492
2012-08-13 12:23:18,0.568299560009089
2012-08-13 12:23:29,2.5028521963919133
2012-08-13 12:23:38,0.4728914348581469
2012-08-13 12:23:49,1.2574419672490338
2012-08-13 12:23:59,1.4632525012714908
2012-08-13 12:24:08,0.9265328629718603
2012-08-13 12:24:19,0.6763409675413604
2012-08-13 12:24:28,0.22378963617792055
2012-08-13 12:24:39,0.6859928302729302
2012-08-13 12:24:49,0.5496205657577864
2012-08-13 12:24:58,0.3453523576466553
2012-08-13 12:25:09,0.6720813617544064
2012-08-13 12:25:18,1.2635536841245867
2012-08-13 12:25:29,1.0062169330169286
2012-08-13 12:25:39,0.2643585692339362
2012-08-13 12:25:48,0.6811372890443629
2012-08-13 12:25:59,0.7620252388578195
2012-08-13 12:26:08,0.7109821901256722
2012-08-13 12:26:18,0.9386903123595153
2012-08-13 12:26:29,2.3209714694081116
2012-08-13 12:26:38,4.645684002686647
2012-08-13 12:26:49,1.7164650191802715
2012-08-13 12:26:58,0.507727050599275
2012-08-13 12:27:08,0.6997702770206705
2012-08-13 12:27:19,0.5734119108886282
2012-08-13 12:27:28,0.7531172087105599
2012-08-13 12:27:39,1.2648191677745113
2012-08-13 12:27:48,3.599305689601355
2012-08-13 12:27:58,4.579899654348354
2012-08-13 12:28:09,6.339651447582106
2012-08-13 12:28:18,3.710230106391861
2012-08-13 12:28:29,1.8526800530733858
2012-08-13 12:28:39,2.0977127409950267
2012-08-13 12:28:48,1.6138574125449991
2012-08-13 12:28:59,0.7604536822341053
2012-08-13 12:29:08,0.8599350060190676
2012-08-13 12:29:19,1.5257806160363645
2012-08-13 12:29:29,3.4178236540570555
2012-08-13 12:29:38,5.198850620822314
2012-08-13 12:29:49,4.818392044166305
2012-08-13 12:29:58,2.2779008442842006
2012-08-13 12:30:09,0.8246342624937543
2012-08-13 12:30:19,1.1801396082218538
2012-08-13 12:30:28,3.1362194052000136
2012-08-13 12:30:39,2.263972066694207
2012-08-13 12:30:48,1.7600756281895094
2012-08-13 12:30:58,0.3823876370031564
2012-08-13 12:31:09,0.719304044163783
2012-08-13 12:31:18,3.6805300341291867
2012-08-13 12:31:29,2.6748531821978383
2012-08-13 12:31:38,2.215801515755332
2012-08-13 12:31:48,0.6298515289818268
2012-08-13 12:31:59,2.3269628575617953
2012-08-13 12:32:08,1.5931434275138914
2012-08-13 12:32:19,1.810550968330267
2012-08-13 12:32:28,0.356481409204995
2012-08-13 12:32:38,2.0950588238941887
2012-08-13 12:32:49,1.1049201000319424
2012-08-13 12:32:58,1.6765629847640593
2012-08-13 12:33:09,1.5819464268978463
2012-08-13 12:33:19,2.3896860231302233
2012-08-13 12:33:28,2.6044784019907956
2012-08-13 12:33:39,1.094904665846546
2012-08-13 12:33:48,1.1841645529341167
2012-08-13 12:33:59,0.42419707645662164
2012-08-13 12:34:09,1.3078328780374913
2012-08-13 12:34:18,0.12368524343302732
2012-08-13 12:34:29,3.1556431030901004
2012-08-13 12:34:38,2.3235145406368134
2012-08-13 12:34:49,1.628704284580503
2012-08-13 12:34:59,0.38624673601475523
2012-08-13 12:35:08,0.3453522632639551
2012-08-13 12:35:19,0.8583641162670061
2012-08-13 12:35:28,0.6375111904199101
2012-08-13 12:35:38,0.31465447737209246
2012-08-13 12:35:49,0.2823386068977075
2012-08-13 12:35:58,1.4662242372497951
2012-08-13 12:36:09,0.38453910201059416
2012-08-13 12:36:18,0.9610792663452924
2012-08-13 12:36:28,0.7101508198406393
2012-08-13 12:36:39,0.5548085198612375
2012-08-13 12:36:48,2.7977096009375835
2012-08-13 12:36:59,1.4459233194250272
2012-08-13 12:37:09,0.42971675968245465
2012-08-13 12:37:18,2.1321775077479335
2012-08-13 12:37:29,2.5587344767403994
2012-08-13 12:37:38,1.9239329773145712
2012-08-13 12:37:49,0.33996291972697396
2012-08-13 12:37:59,2.293153702020261
2012-08-13 12:38:08,0.7121410723639805
2012-08-13 12:38:19,0.42383838098972965
2012-08-13 12:38:28,1.9033362931269164
2012-08-13 12:38:39,0.5744479569770962
2012-08-13 12:38:49,0.23237119175062176
2012-08-13 12:38:58,0.669544050157599
2012-08-13 12:39:09,0.6526560523471574
2012-08-13 12:39:18,0.8775323223857843
2012-08-13 12:39:29,0.6793426008869504
2012-08-13 12:39:39,1.5794264999375889
2012-08-13 12:39:48,0.7840485275281162
2012-08-13 12:39:59,1.916314306814879
2012-08-13 12:40:08,1.0081216706207174
2012-08-13 12:40:18,0.4347110249352413
2012-08-13 12:40:29,3.878869769737092
2012-08-13 12:40:38,2.4560302818835273
2012-08-13 12:40:49,1.0360509905558775
2012-08-13 12:40:58,0.05553990313323184
2012-08-13 12:41:08,0.28517005008667035
2012-08-13 12:41:19,0.2975375552184752
2012-08-13 12:41:28,0.29753755521590414
2012-08-13 12:41:39,0.38966623560083014
2012-08-13 12:41:49,0.8331633884275677
2012-08-13 12:41:58,0.6400025894153661
2012-08-13 12:42:09,0.32602679807775026
2012-08-13 12:42:18,0.17526120513236346
2012-08-13 12:42:29,0.3689532013483623
2012-08-13 12:42:39,0.3000490975969262
2012-08-13 12:42:48,0.6000981931501905
2012-08-13 12:42:59,0.5145187199860363
2012-08-13 12:43:08,0.43299400208549144
2012-08-13 12:43:19,0.37252126341190916
2012-08-13 12:43:29,0.4649046020368674
2012-08-13 12:43:38,0.07742249698124844
2012-08-13 12:43:49,0.5854480185968911
2012-08-13 12:43:58,0.29209141309156755
2012-08-13 12:44:08,0.5269605638077306
2012-08-13 12:44:19,0.2747632550874316
2012-08-13 12:44:28,0.25757774845787385
2012-08-13 12:44:39,0.8330985399036946
2012-08-13 12:44:48,2.154141939256592
2012-08-13 12:44:58,0.7462509063798147
2012-08-13 12:45:09,1.6950183947735427
2012-08-13 12:45:18,2.70524606131559
2012-08-13 12:45:29,1.344263344026254
2012-08-13 12:45:38,1.9888922251441394
2012-08-13 12:45:48,1.4840234557484135
2012-08-13 12:45:59,2.8136521867067987
2012-08-13 12:46:08,2.9893483801934235
2012-08-13 12:46:19,4.734042199220227
2012-08-13 12:46:29,3.4943093727964625
2012-08-13 12:46:38,1.872478694678163
2012-08-13 12:46:49,0.7064853008921942
2012-08-13 12:46:58,0.12382518573086666
2012-08-13 12:47:09,0.3969338034552174
2012-08-13 12:47:19,1.4130854330628135
2012-08-13 12:47:28,1.4828276806618705
2012-08-13 12:47:39,1.8604610740012202
2012-08-13 12:47:48,2.209186409034924
2012-08-13 12:47:59,1.2994703919693633
2012-08-13 12:48:09,1.69377182373522
2012-08-13 12:48:18,2.142553862046717
2012-08-13 12:48:29,1.6332865971237072
2012-08-13 12:48:38,0.45687939204397376
2012-08-13 12:48:48,1.1189943409446124
2012-08-13 12:48:59,1.8709204328038953
2012-08-13 12:49:08,1.427427064944234
2012-08-13 12:49:19,0.46441546585350435
2012-08-13 12:49:28,0.15495512947073825
2012-08-13 12:49:38,2.937617445407935
2012-08-13 12:49:49,3.2026127598058416
2012-08-13 12:49:58,1.6387163181579572
2012-08-13 12:50:09,1.8114476001685123
2012-08-13 12:50:18,1.311907383815864
2012-08-13 12:50:28,1.5567830904124513
2012-08-13 12:50:39,0.5632248318907725
2012-08-13 12:50:48,0.12382518412238827
2012-08-13 12:50:59,1.3501018984228499
2012-08-13 12:51:09,1.6480307650248875
2012-08-13 12:51:18,1.952958742441773
2012-08-13 12:51:29,2.162376363067673
2012-08-13 12:51:38,2.7804802030694473
2012-08-13 12:51:49,2.7098789763946507
2012-08-13 12:51:59,1.502817490137876
2012-08-13 12:52:08,4.336457873919398
2012-08-13 12:52:19,2.111972059919891
2012-08-13 12:52:28,1.4046837157501353
2012-08-13 12:52:39,0.8357598212878737
2012-08-13 12:52:49,0.39693377717120637
2012-08-13 12:52:58,0.7115934055913455
2012-08-13 12:53:09,1.356183942090657
2012-08-13 12:53:18,1.8071687713753488
2012-08-13 12:53:28,1.6145202055275554
2012-08-13 12:53:39,0.8372710432056254
2012-08-13 12:53:48,1.4367567249535247
2012-08-13 12:53:59,0.49439991747250006
2012-08-13 12:54:08,2.6160687546803505
2012-08-13 12:54:18,0.5845162227675216
2012-08-13 12:54:29,1.2440528916858835
2012-08-13 12:54:38,0.6159597806248349
2012-08-13 12:54:49,0.5735811954575205
2012-08-13 12:54:58,0.3000490696835442
2012-08-13 12:55:08,5.397633979949767
2012-08-13 12:55:19,2.801037617962118
2012-08-13 12:55:28,1.4959067976065112
2012-08-13 12:55:39,4.38458402454477
2012-08-13 12:55:49,2.6212035170304078
2012-08-13 12:55:58,1.5442868601874995
2012-08-13 12:56:09,5.385601728325583
2012-08-13 12:56:18,6.34833637586071
2012-08-13 12:56:29,5.702499134389659
2012-08-13 12:56:39,1.1500026963904961
2012-08-13 12:56:48,0.3359195095951871
2012-08-13 12:56:59,3.0584120614377204
2012-08-13 12:57:08,2.07324139753136
2012-08-13 12:57:19,1.9168362844534261
2012-08-13 12:57:29,1.3510318066084095
2012-08-13 12:57:38,0.4697444021715563
2012-08-13 12:57:49,0.7126709238763381
2012-08-13 12:57:58,0.5553988627157108
2012-08-13 12:58:08,3.1122595419926693
2012-08-13 12:58:19,1.1045536511381961
2012-08-13 12:58:28,2.570209603841867
2012-08-13 12:58:39,0.5264464950858133
2012-08-13 12:58:48,1.39858646699494
2012-08-13 12:58:58,2.633844621746519
2012-08-13 12:59:09,1.7445219842140443
2012-08-13 12:59:18,1.1493760806387603
2012-08-13 12:59:29,3.507144418808893
2012-08-13 12:59:39,3.0533261045792135
2012-08-13 12:59:48,1.226329988855731
2012-08-13 12:59:59,2.1189442190157486
2012-08-13 13:00:08,2.148966660738013
2012-08-13 13:00:19,1.1222348480075417
2012-08-13 13:00:29,1.3362068823424127
2012-08-13 13:00:38,1.153720691709971
2012-08-13 13:00:49,0.6556031789782146
2012-08-13 13:00:58,0.06277737431171916
2012-08-13 13:01:09,0.9259006858095884
2012-08-13 13:01:19,0.40783840144588435
2012-08-13 13:01:28,0.9220673943325105
2012-08-13 13:01:39,0.2473703764423273
2012-08-13 13:01:48,0.8352961950466952
2012-08-13 13:01:59,0.6868175377548589
2012-08-13 13:02:09,0.5089577666671079
2012-08-13 13:02:18,0.6071425177820546
2012-08-13 13:02:29,0.3518998654307743
2012-08-13 13:02:38,0.22232519520044577
2012-08-13 13:02:48,2.0265195790514916
2012-08-13 13:02:59,0.457251064509858
2012-08-13 13:03:08,0.27581513285221243
2012-08-13 13:03:19,1.2949808640981213
2012-08-13 13:03:28,0.5790055940503591
2012-08-13 13:03:38,0.7724931391828519
2012-08-13 13:03:49,0.6587951984092545
2012-08-13 13:03:58,0.7432336953255525
2012-08-13 13:04:09,0.34359339258356875
2012-08-13 13:04:19,0.3896661220233612
2012-08-13 13:04:28,0.9867960686904942
2012-08-13 13:04:39,0.6415005042354804
2012-08-13 13:04:48,0.6142019335133503
2012-08-13 13:04:59,2.322421316207871
2012-08-13 13:05:09,1.5716918419790802
2012-08-13 13:05:18,0.560674987868297
2012-08-13 13:05:29,0.4606830286008475
2012-08-13 13:05:38,0.5609550108857927
2012-08-13 13:05:49,1.0431360911881205
2012-08-13 13:05:59,0.686680198651497
2012-08-13 13:06:08,0.4046451140729018
2012-08-13 13:06:19,0.8004602847356279
2012-08-13 13:06:28,0.9925279984617175
2012-08-13 13:06:38,0.42756440216967856
2012-08-13 13:06:49,0.6814628461641865
2012-08-13 13:06:58,0.45402097021978266
2012-08-13 13:07:09,0.5383942610925778
2012-08-13 13:07:18,0.43544074950684053
2012-08-13 13:07:28,1.047594137742133
2012-08-13 13:07:39,0.6012339148848087
2012-08-13 13:07:48,0.6657112203812717
2012-08-13 13:07:59,1.1382333515920564
2012-08-13 13:08:08,0.5873008065810411
2012-08-13 13:08:18,0.7186498950250538
2012-08-13 13:08:29,0.5584888736647627
2012-08-13 13:08:38,0.056411581589729164
2012-08-13 13:08:49,0.7743048123046062
2012-08-13 13:08:59,0.5432859614486071
2012-08-13 13:09:08,0.15495507731009522
2012-08-13 13:09:19,0.7046165988133131
2012-08-13 13:09:28,0.6613941736440444
2012-08-13 13:09:39,0.5429857897429055
2012-08-13 13:09:49,0.2016411949783096
2012-08-13 13:09:58,1.0954844006309852
2012-08-13 13:10:09,0.468926384767961
2012-08-13 13:10:18,0.8128569793764167
2012-08-13 13:10:29,0.30377480111963223
2012-08-13 13:10:39,0.3325570644546624
2012-08-13 13:10:48,0.585725065728068
2012-08-13 13:10:59,1.0593447156307396
2012-08-13 13:11:08,0.5018319767545322
2012-08-13 13:11:18,1.1281174347451144
2012-08-13 13:11:29,0.19113717365617222
2012-08-13 13:11:38,0.24560992734424636
2012-08-13 13:11:49,0.4647422247921744
2012-08-13 13:11:58,0.8017729516260591
2012-08-13 13:12:08,0.9773727843337043
2012-08-13 13:12:19,0.6763404804490973
2012-08-13 13:12:28,0.28843016930451093
2012-08-13 13:12:39,0.7384399256744009
2012-08-13 13:12:48,0.22824641618120492
2012-08-13 13:12:58,0.8708814923020721
2012-08-13 13:13:09,0.7561319673651395
2012-08-13 13:13:18,0.8968120503394751
2012-08-13 13:13:29,0.45056134897557937
2012-08-13 13:13:39,0.11189473652362555
2012-08-13 13:13:48,0.6184259392308056
2012-08-13 13:13:59,0.5740629295348135
2012-08-13 13:14:08,0.05530176741537286
2012-08-13 13:14:19,1.940298253109356
2012-08-13 13:14:29,0.8782967390777017
2012-08-13 13:14:38,0.37009811604692155
2012-08-13 13:14:49,1.0431134124276806
2012-08-13 13:14:58,0.36884800179429456
2012-08-13 13:15:09,0.6236399296638371
2012-08-13 13:15:19,0.47321125052238455
2012-08-13 13:15:28,0.20473397589738582
2012-08-13 13:15:39,0.5744477588792055
2012-08-13 13:15:48,0.4962127185538115
2012-08-13 13:15:58,0.07459422856696447
2012-08-13 13:16:09,0.37598237931162937
2012-08-13 13:16:18,0.6239998774116092
2012-08-13 13:16:29,1.905970052347533
2012-08-13 13:16:38,0.34957693166753917
2012-08-13 13:16:48,1.635128739652593
2012-08-13 13:16:59,1.0291551144912678
2012-08-13 13:17:08,0.07037500824989644
2012-08-13 13:17:19,1.2236606981071434
2012-08-13 13:17:28,1.3098408244595252
2012-08-13 13:17:38,1.1845808265678048
2012-08-13 13:17:49,2.9866933292250843
2012-08-13 13:17:58,1.080086062342932
2012-08-13 13:18:09,1.4030127383551272
2012-08-13 13:18:19,0.7585650275314945
2012-08-13 13:18:28,0.4960055052107377
2012-08-13 13:18:39,1.7467468092022231
2012-08-13 13:18:48,0.3819403542956704
2012-08-13 13:18:59,0.6218768761760789
2012-08-13 13:19:09,0.19609514186643925
2012-08-13 13:19:18,0.625132752194948
2012-08-13 13:19:29,1.0126324939761941
2012-08-13 13:19:38,0.9687799295599111
2012-08-13 13:19:49,0.8342955209144929
2012-08-13 13:19:59,1.1171511922715351
2012-08-13 13:20:08,1.1853420320487307
2012-08-13 13:20:19,1.4951806517115291
2012-08-13 13:20:28,0.8825685713054454
2012-08-13 13:20:38,1.7177905322333997
2012-08-13 13:20:49,3.4267045417719206
2012-08-13 13:20:58,4.270107951634519
2012-08-13 13:21:09,3.212831867800169
2012-08-13 13:21:18,2.5091597122817215
2012-08-13 13:21:28,2.8015237266133384
2012-08-13 13:21:39,4.906132433006026
2012-08-13 13:21:48,2.4104056755069165
2012-08-13 13:21:59,1.7050766763192111
2012-08-13 13:22:09,1.0010101737699169
2012-08-13 13:22:18,0.3298559549148327
2012-08-13 13:22:29,0.279995835647489
2012-08-13 13:22:38,0.518532745675949
2012-08-13 13:22:49,0.7970284532989408
2012-08-13 13:22:59,0.6564276275288201
2012-08-13 13:23:08,0.5288313091791782
2012-08-13 13:23:19,0.39440481142279016
2012-08-13 13:23:28,0.5612371961031226
2012-08-13 13:23:39,1.038610676437504
2012-08-13 13:23:49,0.8737351805190402
2012-08-13 13:23:58,0.6954673815617191
2012-08-13 13:24:09,2.4810633373986386
2012-08-13 13:24:18,3.01715930632308
2012-08-13 13:24:29,1.4369473588020558
2012-08-13 13:24:39,0.6499630372319891
2012-08-13 13:24:48,4.6620104202917805
2012-08-13 13:24:59,2.4979732368286114
2012-08-13 13:25:08,0.9215926084746331
2012-08-13 13:25:18,0.04453869615761277
2012-08-13 13:25:29,0.4769374610080977
2012-08-13 13:25:38,1.4129699410762435
2012-08-13 13:25:49,0.3227712452097864
2012-08-13 13:25:58,0.34337543184145614
2012-08-13 13:26:08,1.157477041215441
2012-08-13 13:26:19,0.7154656245465778
2012-08-13 13:26:28,0.7418159158725062
2012-08-13 13:26:39,1.731383811732302
2012-08-13 13:26:49,4.677869521714145
2012-08-13 13:26:58,2.400509575892276
2012-08-13 13:27:09,1.031561537334388
2012-08-13 13:27:18,0.8969949300639244
2012-08-13 13:27:29,0.4327013468620813
2012-08-13 13:27:39,0.5686754859116421
2012-08-13 13:27:48,0.5578037505054864
2012-08-13 13:27:59,1.3671188901043192
2012-08-13 13:28:08,0.3043173017873517
2012-08-13 13:28:19,0.11988393123781994
2012-08-13 13:28:29,0.7281817271755745
2012-08-13 13:28:38,0.5323680386797596
2012-08-13 13:28:49,0.537285821053088
2012-08-13 13:28:58,0.4427562573180648
2012-08-13 13:29:08,0.3105679142031866
2012-08-13 13:29:19,0.401862831611261
2012-08-13 13:29:28,0.4348153374008754
2012-08-13 13:29:39,0.2873439771245393
2012-08-13 13:29:48,0.7601103383725124
2012-08-13 13:29:58,0.6793051681033206
2012-08-13 13:30:09,0.25633622995611544
2012-08-13 13:30:18,1.0607029286188452
2012-08-13 13:30:29,1.605321968411833
2012-08-13 13:30:38,1.029438656623297
2012-08-13 13:30:48,1.1280775994542176
2012-08-13 13:30:59,0.6745696862894004
2012-08-13 13:31:08,1.7549482657913653
2012-08-13 13:31:19,0.3430516597267115
2012-08-13 13:31:29,5.464222269261576
2012-08-13 13:31:38,0.4236954598219691
2012-08-13 13:31:49,2.1277045521454467
2012-08-13 13:31:58,1.3501979772243224
2012-08-13 13:32:09,0.5671465951725043
2012-08-13 13:32:19,1.7735008959714258
2012-08-13 13:32:28,1.0176133111162782
2012-08-13 13:32:39,0.4210054455820017
2012-08-13 13:32:48,0.5256473195509365
2012-08-13 13:32:59,0.8318722394159662
2012-08-13 13:33:09,2.3770477478775014
2012-08-13 13:33:18,1.8778236089928593
2012-08-13 13:33:29,1.2536253255876646
2012-08-13 13:33:38,0.1756747763609749
2012-08-13 13:33:48,0.059617183900230464
2012-08-13 13:33:59,0.6535038223581964
2012-08-13 13:34:08,0.8410123731262031
2012-08-13 13:34:19,1.2976735718286079
2012-08-13 13:34:28,2.8004678138241474
2012-08-13 13:34:38,4.902581847589988
2012-08-13 13:34:49,4.922141110380446
2012-08-13 13:34:58,4.518395131169305
2012-08-13 13:35:09,5.3189419375702025
2012-08-13 13:35:18,0.1818573716181634
2012-08-13 13:35:28,2.726552835219141
2012-08-13 13:35:39,3.686028086640893
2012-08-13 13:35:48,2.9163666647630624
2012-08-13 13:35:59,1.075143634505209
2012-08-13 13:36:09,1.0424038244660365
2012-08-13 13:36:18,0.7467607288549754
2012-08-13 13:36:29,1.035980234905111
2012-08-13 13:36:38,2.1288713300366098
2012-08-13 13:36:49,0.2983514434666999
2012-08-13 13:36:59,0.3643400905058115
2012-08-13 13:37:08,0.6950473875256513
2012-08-13 13:37:19,0.6023233683065408
2012-08-13 13:37:28,0.27581510560690103
2012-08-13 13:37:39,0.7551129815932688
2012-08-13 13:37:49,0.5799494489389118
2012-08-13 13:37:58,0.8087641778187958
2012-08-13 13:38:09,0.842393732098529
2012-08-13 13:38:18,0.6416027791938159
2012-08-13 13:38:28,0.4314974522227768
2012-08-13 13:38:39,1.5929425450230328
2012-08-13 13:38:48,0.5866215569229866
2012-08-13 13:38:59,0.25986746129736843
2012-08-13 13:39:08,0.1592379237254491
2012-08-13 13:39:18,0.4082495685694098
2012-08-13 13:39:29,0.4373347430307579
2012-08-13 13:39:38,0.7692879921663204
2012-08-13 13:39:49,0.7474139287217363
2012-08-13 13:39:58,2.793765753934635
2012-08-13 13:40:08,1.581278554457378
2012-08-13 13:40:19,0.44070817436910037
2012-08-13 13:40:28,1.1546337160546838
2012-08-13 13:40:39,0.6362165684116441
2012-08-13 13:40:49,1.9720671525583064
2012-08-13 13:40:58,3.815517993865685
2012-08-13 13:41:09,2.92090863108033
2012-08-13 13:41:18,3.8765802310417405
2012-08-13 13:41:29,5.9087555225365165
2012-08-13 13:41:39,4.174309645334767
2012-08-13 13:41:48,2.702396478681591
2012-08-13 13:41:59,5.4246055393211146
2012-08-13 13:42:08,1.7912447461470915
2012-08-13 13:42:19,3.3291848403518256
2012-08-13 13:42:29,2.4889614184408972
2012-08-13 13:42:38,0.7635627123059753
2012-08-13 13:42:49,1.1890013569257984
2012-08-13 13:42:58,1.3617466819585884
2012-08-13 13:43:08,5.732095435058407
2012-08-13 13:43:19,4.5958054508429935
2012-08-13 13:43:28,3.4063127543345435
2012-08-13 13:43:39,3.446391429875961
2012-08-13 13:43:48,5.668187144441237
2012-08-13 13:43:58,3.229766456863586
2012-08-13 13:44:09,0.33952730117049845
2012-08-13 13:44:18,0.7154319150057418
2012-08-13 13:44:29,2.051559659059325
2012-08-13 13:44:39,1.576863602062416
2012-08-13 13:44:48,1.2460644651329207
2012-08-13 13:44:59,0.7888654513268657
2012-08-13 13:45:08,0.4020460075329381
2012-08-13 13:45:19,0.48336922739096394
2012-08-13 13:45:29,0.7196984848205173
2012-08-13 13:45:38,0.7346988012879744
2012-08-13 13:45:49,0.6771739190032583
2012-08-13 13:45:58,1.7809697126049864
2012-08-13 13:46:09,3.4793356425207036
2012-08-13 13:46:19,3.4385334342001372
2012-08-13 13:46:28,4.066812303870085
2012-08-13 13:46:39,0.5890408998432513
2012-08-13 13:46:48,1.7293007628343882
2012-08-13 13:46:59,2.839879995493848
2012-08-13 13:47:09,0.7544834478710555
2012-08-13 13:47:18,0.2306664689041983
2012-08-13 13:47:29,0.37297103868193704
2012-08-13 13:47:38,1.8567525551774107
2012-08-13 13:47:48,0.8189356972711106
2012-08-13 13:47:59,0.6758011661914028
2012-08-13 13:48:08,4.43532848367723
2012-08-13 13:48:19,3.5122720395747558
2012-08-13 13:48:28,4.771138281641521
2012-08-13 13:48:38,3.5003466411839543
2012-08-13 13:48:49,1.1154349039110427
2012-08-13 13:48:58,1.1534795027498046
2012-08-13 13:49:09,0.7673851435625234
2012-08-13 13:49:19,3.1764538868262373
2012-08-13 13:49:28,3.7593373436622866
2012-08-13 13:49:39,3.9874549216970583
2012-08-13 13:49:48,1.5645475527436392
2012-08-13 13:49:59,5.6893386784604605
2012-08-13 13:50:09,1.6694925960672182
2012-08-13 13:50:18,0.9657363332990437
2012-08-13 13:50:29,0.8446472040012497
2012-08-13 13:50:38,0.19443389632874833
2012-08-13 13:50:49,2.5943958487032686
2012-08-13 13:50:59,0.40359311825784416
2012-08-13 13:51:08,0.24614654786457554
2012-08-13 13:51:19,0.4776759706951511
2012-08-13 13:51:28,0.12248137815575472
2012-08-13 13:51:38,3.8583607194557676
2012-08-13 13:51:49,3.7068898578757397
2012-08-13 13:51:58,5.003418117682297
2012-08-13 13:52:09,4.427291450256839
2012-08-13 13:52:18,5.3830755408517925
2012-08-13 13:52:28,4.049486341374548
2012-08-13 13:52:39,1.5864551056459004
2012-08-13 13:52:48,2.121958315121161
2012-08-13 13:52:59,3.5953032956580673
2012-08-13 13:53:08,4.679375757118698
2012-08-13 13:53:18,0.8589064479341623
2012-08-13 13:53:29,0.5629998290587546
2012-08-13 13:53:38,0.3088526142724958
2012-08-13 13:53:49,0.6070899285734358
2012-08-13 13:53:59,0.28608358609598344
2012-08-13 13:54:08,1.7470361155529228
2012-08-13 13:54:19,0.5666402249535029
2012-08-13 13:54:28,4.548839411533044
2012-08-13 13:54:39,3.7998920469786968
2012-08-13 13:54:49,1.3893549634555342
2012-08-13 13:54:58,3.730890908254531
2012-08-13 13:55:09,0.7822248049399831
2012-08-13 13:55:18,2.170025998705021
2012-08-13 13:55:29,2.5291184976679317
2012-08-13 13:55:39,1.6218911402389171
2012-08-13 13:55:48,0.7524333368894504
2012-08-13 13:55:59,0.10556246209145713
2012-08-13 13:56:08,0.24631241193173573
2012-08-13 13:56:18,0.5967340348237169
2012-08-13 13:56:29,0.46549207909392676
2012-08-13 13:56:38,0.42585586607064296
2012-08-13 13:56:49,0.6600288772159835
2012-08-13 13:56:58,3.5126209766794396
2012-08-13 13:57:08,1.0468728699321523
2012-08-13 13:57:19,3.1335705752499905
2012-08-13 13:57:28,1.8673190260624863
2012-08-13 13:57:39,0.8189035501144903
2012-08-13 13:57:48,2.901125857581782
2012-08-13 13:57:58,1.0492853638638666
2012-08-13 13:58:09,1.403560782562246
2012-08-13 13:58:18,1.7979161684988185
2012-08-13 13:58:29,4.137146537066292
2012-08-13 13:58:39,2.4875051364936076
2012-08-13 13:58:48,0.736368754058107
2012-08-13 13:58:59,0.06728973349643551
2012-08-13 13:59:08,3.4130645570192066
2012-08-13 13:59:19,2.1667263473581757
2012-08-13 13:59:29,3.021853341621506
2012-08-13 13:59:38,2.1793422139153975
2012-08-13 13:59:49,1.9898837468924273
2012-08-13 13:59:58,0.32124017509867353
2012-08-13 14:00:09,2.0544858676726108
2012-08-13 14:00:19,1.0928962226720134
2012-08-13 14:00:28,0.4901407178419527
2012-08-13 14:00:39,2.506134375684472
2012-08-13 14:00:48,1.953908091061672
2012-08-13 14:00:58,0.7636730071546224
2012-08-13 14:01:09,2.313484287329104
2012-08-13 14:01:18,1.2573893892318753
2012-08-13 14:01:29,0.20186919498072545
2012-08-13 14:01:38,2.858307229421443
2012-08-13 14:01:48,6.255799242547272
2012-08-13 14:01:59,1.2589048417485234
2012-08-13 14:02:08,0.4236953282889688
2012-08-13 14:02:19,2.4751140094450443
2012-08-13 14:02:28,4.845715482922762
2012-08-13 14:02:38,1.9735199677564645
2012-08-13 14:02:49,1.0607026304945866
2012-08-13 14:02:58,0.5141020082685098
2012-08-13 14:03:09,3.0864991774197805
2012-08-13 14:03:19,1.927307787853194
2012-08-13 14:03:28,0.5571728202537458
2012-08-13 14:03:39,0.7454697320261727
2012-08-13 14:03:48,0.3453519445527247
2012-08-13 14:03:59,0.3298558334073192
2012-08-13 14:04:09,6.889133843566943
2012-08-13 14:04:18,4.2985330681909755
2012-08-13 14:04:29,2.7427842075657916
2012-08-13 14:04:38,4.307049634792859
2012-08-13 14:04:49,1.375387508549441
2012-08-13 14:04:59,0.2736802323768389
2012-08-13 14:05:08,4.684936941603963
2012-08-13 14:05:19,2.294701841446653
2012-08-13 14:05:28,4.155838394455233
2012-08-13 14:05:38,5.075127399730582
2012-08-13 14:05:49,4.384504636835927
2012-08-13 14:05:58,8.143299084941749
2012-08-13 14:06:09,5.099840317120157
2012-08-13 14:06:18,0.9083412556396335
2012-08-13 14:06:28,2.049970818494897
2012-08-13 14:06:39,0.16923464642859717
2012-08-13 14:06:48,0.06511333497714444
2012-08-13 14:06:59,0.06511333503435908
2012-08-13 14:07:09,2.0321391067810897
2012-08-13 14:07:18,3.742965667875768
2012-08-13 14:07:29,1.2335966822062239
2012-08-13 14:07:38,0.4095229668421121
2012-08-13 14:07:49,0.52081769450089
2012-08-13 14:07:59,0.5309510111369655
2012-08-13 14:08:08,1.515248541143937
2012-08-13 14:08:19,0.36409070517735403
2012-08-13 14:08:28,1.2665498291708783
2012-08-13 14:08:39,0.6584335098965729
2012-08-13 14:08:49,0.8165131548193592
2012-08-13 14:08:58,0.2582575059317904
2012-08-13 14:09:09,0.6476551484129902
2012-08-13 14:09:18,0.47611600959809786
2012-08-13 14:09:29,1.3681847695168168
2012-08-13 14:09:39,0.40073991737100245
2012-08-13 14:09:48,0.11445843042374852
2012-08-13 14:09:59,0.24344124489579105
2012-08-13 14:10:08,0.484326858245675
2012-08-13 14:10:18,0.3888677329186668
2012-08-13 14:10:29,0.7566629858824755
2012-08-13 14:10:38,0.5932293081725518
2012-08-13 14:10:49,0.6324219442858756
2012-08-13 14:10:58,0.2735120205579236
2012-08-13 14:11:08,1.3139375654961454
2012-08-13 14:11:19,0.694677393074908
2012-08-13 14:11:28,0.9170403482140752
2012-08-13 14:11:39,0.32909847911935547
2012-08-13 14:11:49,0.18248424853436698
2012-08-13 14:11:58,0.24455551608727133
2012-08-13 14:12:09,0.9908105523346691
2012-08-13 14:12:18,0.06728972311338864
2012-08-13 14:12:29,0.8140321351535483
2012-08-13 14:12:39,4.468209290264043
2012-08-13 14:12:48,4.873044641246872
2012-08-13 14:12:59,2.7747172130173987
2012-08-13 14:13:08,1.0420862258510932
2012-08-13 14:13:19,0.2983767435286519
2012-08-13 14:13:29,3.4339357088842943
2012-08-13 14:13:38,1.5169805344932807
2012-08-13 14:13:49,1.1288567430130878
2012-08-13 14:13:58,0.9491596687970314
2012-08-13 14:14:08,0.9715195328899165
2012-08-13 14:14:19,0.3060875738870262
2012-08-13 14:14:28,2.0395203682830148
2012-08-13 14:14:39,1.2476717323144402
2012-08-13 14:14:48,3.3681427230984795
2012-08-13 14:14:58,1.4066093733845986
2012-08-13 14:15:09,2.464420635494286
2012-08-13 14:15:18,1.264423714600457
2012-08-13 14:15:29,0.13368489574734813
2012-08-13 14:15:38,1.4420436679560946
2012-08-13 14:15:48,1.4810719800458627
2012-08-13 14:15:59,1.1732424621450144
2012-08-13 14:16:08,0.3983281441187486
2012-08-13 14:16:19,2.2719033688224717
2012-08-13 14:16:29,1.1553441690193456
2012-08-13 14:16:38,0.6055045886977933
2012-08-13 14:16:49,0.5179130323621869
2012-08-13 14:16:58,0.08432117177883887
2012-08-13 14:17:09,0.23107535265665244
2012-08-13 14:17:19,0.6052421486029959
2012-08-13 14:17:28,0.0742950426300433
2012-08-13 14:17:39,0.5845157311239491
2012-08-13 14:17:48,0.6094314789013973
2012-08-13 14:17:59,1.0331720293421398
2012-08-13 14:18:09,0.29410796273134293
2012-08-13 14:18:18,0.12689627977317622
2012-08-13 14:18:29,0.5688367140820705
2012-08-13 14:18:38,0.6765387898313777
2012-08-13 14:18:48,0.609431484710823
2012-08-13 14:18:59,0.1717795955966762
2012-08-13 14:19:08,1.7494534077459993
2012-08-13 14:19:19,0.543867592690019
2012-08-13 14:19:28,2.4877124536844457
2012-08-13 14:19:38,2.8640644504461292
2012-08-13 14:19:49,2.3788097078172536
2012-08-13 14:19:58,0.7981821328873762
2012-08-13 14:20:09,7.016046280533944
2012-08-13 14:20:18,0.930772373679351
2012-08-13 14:20:28,1.091013620987053
2012-08-13 14:20:39,0.46103340194928505
2012-08-13 14:20:48,1.0627850647532655
2012-08-13 14:20:59,0.3681093216524905
2012-08-13 14:21:09,0.2914550970499428
2012-08-13 14:21:18,1.3621450325811677
2012-08-13 14:21:29,7.381181170408964
2012-08-13 14:21:38,3.21185923562887
2012-08-13 14:21:49,4.880988373396345
2012-08-13 14:21:59,4.8963083045498355
2012-08-13 14:22:08,0.5391627885409823
2012-08-13 14:22:19,2.563664971611784
2012-08-13 14:22:28,1.297179312539405
2012-08-13 14:22:39,5.067662851308462
2012-08-13 14:22:49,4.663576484027377
2012-08-13 14:22:58,1.124152353728509
2012-08-13 14:23:09,0.20621882981593345
2012-08-13 14:23:18,1.2546575126498698
2012-08-13 14:23:28,0.8180969120382252
2012-08-13 14:23:39,0.7566628648093879
2012-08-13 14:23:48,0.4487441907949274
2012-08-13 14:23:59,0.10484776407289255
2012-08-13 14:24:08,0.20354062280109106
2012-08-13 14:24:18,0.5566965876930956
2012-08-13 14:24:29,0.3283107683763624
2012-08-13 14:24:38,0.7694429815681031
2012-08-13 14:24:49,0.5536289413975714
2012-08-13 14:24:58,0.6244236237327231
2012-08-13 14:25:08,0.4037382597414263
2012-08-13 14:25:19,0.8659522515076513
2012-08-13 14:25:28,1.312511694406868
2012-08-13 14:25:39,1.0593439114790637
2012-08-13 14:25:49,0.4819738902517876
2012-08-13 14:25:58,2.2224453717080777
2012-08-13 14:26:09,1.12886864833968
2012-08-13 14:26:18,4.7834493187008125
2012-08-13 14:26:29,2.1278486861364345
2012-08-13 14:26:39,2.1842449259835566
2012-08-13 14:26:48,0.9011868427955072
2012-08-13 14:26:59,0.3112919098296318
2012-08-13 14:27:08,0.48569512535807474
2012-08-13 14:27:19,1.9170231871119012
2012-08-13 14:27:29,0.9663855987710422
2012-08-13 14:27:38,0.8306119607350734
2012-08-13 14:27:49,0.35828298387839413
2012-08-13 14:27:58,2.478323386629793
2012-08-13 14:28:08,0.16415538111301559
2012-08-13 14:28:19,0.6283296040333916
2012-08-13 14:28:28,1.8223036608334418
2012-08-13 14:28:39,0.4006435160914197
2012-08-13 14:28:48,0.532228098991456
2012-08-13 14:28:58,1.1628278675213959
2012-08-13 14:29:09,0.5951943874708259
2012-08-13 14:29:18,0.3024615687553616
2012-08-13 14:29:29,2.101428762038338
2012-08-13 14:29:39,2.3835286376753375
2012-08-13 14:29:48,1.770503495482998
2012-08-13 14:29:59,0.4003349258153137
2012-08-13 14:30:08,2.109651902118533
2012-08-13 14:30:19,0.35727688407824776
2012-08-13 14:30:29,1.1472860544310648
2012-08-13 14:30:38,2.5613329014392505
2012-08-13 14:30:49,3.086338341719005
2012-08-13 14:30:58,2.5106448376709496
2012-08-13 14:31:09,0.5566926198178925
2012-08-13 14:31:19,4.885626901940694
2012-08-13 14:31:28,2.724721813963298
2012-08-13 14:31:39,3.5854833807364987
2012-08-13 14:31:48,0.21923407530524583
2012-08-13 14:31:59,0.9444204284652556
2012-08-13 14:32:09,0.1437844781643036
2012-08-13 14:32:18,0.42511749777940355
2012-08-13 14:32:29,0.6904379973142747
2012-08-13 14:32:38,1.6715180408032597
2012-08-13 14:32:48,0.6126724243168504
2012-08-13 14:32:59,0.6275890308713835
2012-08-13 14:33:08,1.7137787913463374
2012-08-13 14:33:19,0.15937761246661067
2012-08-13 14:33:28,1.3064431892247124
2012-08-13 14:33:38,0.2428475591489076
2012-08-13 14:33:49,0.330084262480862
2012-08-13 14:33:58,0.8569104239092739
2012-08-13 14:34:09,3.859043513456205
2012-08-13 14:34:19,0.9378432267689439
2012-08-13 14:34:28,2.3572498910731325
2012-08-13 14:34:39,0.7847762010043381
2012-08-13 14:34:48,0.6350614758323554
2012-08-13 14:34:59,0.6492114233352131
2012-08-13 14:35:09,0.826045998288679
2012-08-13 14:35:18,0.8474939528792208
2012-08-13 14:35:29,0.4697238367429181
2012-08-13 14:35:38,0.5918874017344572
2012-08-13 14:35:49,0.9293506448448768
2012-08-13 14:35:59,0.5680869833136865
2012-08-13 14:36:08,0.7319468627488902
2012-08-13 14:36:19,0.9030141103006762
2012-08-13 14:36:28,2.173116850524033
2012-08-13 14:36:38,0.7084520351357911
2012-08-13 14:36:49,1.5291082200905972
2012-08-13 14:36:58,1.014582234275669
2012-08-13 14:37:09,0.16204179692600437
2012-08-13 14:37:18,0.4877455225162695
2012-08-13 14:37:28,0.8836438975990312
2012-08-13 14:37:39,0.21866724342849847
2012-08-13 14:37:48,0.7813437512796462
2012-08-13 14:37:59,0.45865678609079513
2012-08-13 14:38:08,3.255536003294775
2012-08-13 14:38:18,5.022722081382823
2012-08-13 14:38:29,1.7772486960436211
2012-08-13 14:38:38,1.6725425018164297
2012-08-13 14:38:49,0.1883064138610315
2012-08-13 14:38:59,0.5623980534109199
2012-08-13 14:39:08,0.30710076854037244
2012-08-13 14:39:19,1.0454052447025084
2012-08-13 14:39:28,1.4189939605767903
2012-08-13 14:39:39,0.5448302777236936
2012-08-13 14:39:49,0.7184825112345057
2012-08-13 14:39:58,1.025881204620557
2012-08-13 14:40:09,0.37831262126220555
2012-08-13 14:40:18,0.10556244837866487
2012-08-13 14:40:29,0.19217556737421804
2012-08-13 14:40:39,0.945316767322264
2012-08-13 14:40:48,0.16965248144076017
2012-08-13 14:40:59,0.7577372661502454
2012-08-13 14:41:08,0.4481172257045005
2012-08-13 14:41:18,0.321945163160971
2012-08-13 14:41:29,0.9035836061588512
2012-08-13 14:41:38,0.0710068649474655
2012-08-13 14:41:49,0.5448420654656524
2012-08-13 14:41:58,0.6064453121417065
2012-08-13 14:42:08,0.6628774847639346
2012-08-13 14:42:19,0.08907735324265802
2012-08-13 14:42:28,0.726713858160094
2012-08-13 14:42:39,0.40496401295903767
2012-08-13 14:42:48,0.3954953933279339
2012-08-13 14:42:58,0.5274130281894065
2012-08-13 14:43:09,5.935409791499809
2012-08-13 14:43:18,1.4332228452902416
2012-08-13 14:43:29,0.3240564228544416
2012-08-13 14:43:39,0.805583272081577
2012-08-13 14:43:48,0.9626130833270078
2012-08-13 14:43:59,0.10905285287376834
2012-08-13 14:44:08,0.41639947762412666
2012-08-13 14:44:19,0.40136973519019187
2012-08-13 14:44:29,0.3829753679880095
2012-08-13 14:44:38,0.23846860196800262
2012-08-13 14:44:49,0.39873810572232155
2012-08-13 14:44:58,0.3733886393629357
2012-08-13 14:45:09,0.045891446555942975
2012-08-13 14:45:19,0.12962256879874667
2012-08-13 14:45:28,0.20473384411626774
2012-08-13 14:45:39,0.3479984205816303
2012-08-13 14:45:48,0.22765056105829332
2012-08-13 14:45:58,0.557038084939811
2012-08-13 14:46:09,0.40287730764911844
2012-08-13 14:46:18,0.6090595107707921
2012-08-13 14:46:29,0.5101787397670237
2012-08-13 14:46:38,0.2970100726224824
2012-08-13 14:46:48,0.159845157780505
2012-08-13 14:46:59,0.6241766965360991
2012-08-13 14:47:08,2.9206954623014996
2012-08-13 14:47:19,1.0639117217634368
2012-08-13 14:47:28,0.20791363375815675
2012-08-13 14:47:38,0.3166374482267733
2012-08-13 14:47:49,0.2003217875762039
2012-08-13 14:47:58,0.4634234841674132
2012-08-13 14:48:09,0.557921139293427
2012-08-13 14:48:19,2.1904799603627336
2012-08-13 14:48:28,0.6466626625974548
2012-08-13 14:48:39,0.2325340043807399
2012-08-13 14:48:48,0.2987100110469146
2012-08-13 14:48:59,0.12217226542268597
2012-08-13 14:49:09,1.4308385899396296
2012-08-13 14:49:18,0.11618548491644648
2012-08-13 14:49:29,0.25170419032876673
2012-08-13 14:49:38,0.56657358684253
2012-08-13 14:49:49,0.45985878712205364
2012-08-13 14:49:59,0.792034606962779
2012-08-13 14:50:08,1.430655941733351
2012-08-13 14:50:19,0.34333986707868813
2012-08-13 14:50:28,0.19011319091546794
2012-08-13 14:50:38,0.510210141122232
2012-08-13 14:50:49,0.6718385722949195
2012-08-13 14:50:58,0.4630141331041457
2012-08-13 14:51:09,0.38971341893113515
2012-08-13 14:51:18,0.4121311992329359
2012-08-13 14:51:28,0.34506518657103585
2012-08-13 14:51:39,0.2828286568133116
2012-08-13 14:51:48,0.7851863775309358
2012-08-13 14:51:59,0.2620002963585903
2012-08-13 14:52:09,0.03518748256177081
2012-08-13 14:52:18,0.3767105629981958
2012-08-13 14:52:29,0.8246333522659709
2012-08-13 14:52:38,0.5390658836533436
2012-08-13 14:52:49,0.38764406840691906
2012-08-13 14:52:59,0.24496272323672869
2012-08-13 14:53:08,0.37794755715993206
2012-08-13 14:53:19,0.5154003270451484
2012-08-13 14:53:28,1.7664520947920683
2012-08-13 14:53:39,0.5349216934422946
2012-08-13 14:53:49,1.0152588051488873
2012-08-13 14:53:58,0.23118427250295445
2012-08-13 14:54:09,0.5973624542078387
2012-08-13 14:54:18,0.399872765673253
2012-08-13 14:54:29,0.7789218975306222
2012-08-13 14:54:39,0.4502835058416608
2012-08-13 14:54:48,0.3666038354613398
2012-08-13 14:54:59,0.6965200780594998
2012-08-13 14:55:08,0.6401970869125688
2012-08-13 14:55:18,0.49785152219125883
2012-08-13 14:55:29,0.45986104660886906
2012-08-13 14:55:38,0.5873004050775729
2012-08-13 14:55:49,1.5653341288026132
2012-08-13 14:55:58,1.237113405286739
2012-08-13 14:56:08,0.432834259560327
2012-08-13 14:56:19,1.3680209768080038
2012-08-13 14:56:28,1.8412860606890056
2012-08-13 14:56:39,0.6997693625500659
2012-08-13 14:56:49,0.2971801543426164
2012-08-13 14:56:58,0.6159919039442843
2012-08-13 14:57:09,0.21908673747754545
2012-08-13 14:57:18,0.21184763780460508
2012-08-13 14:57:29,0.38227410937129774
2012-08-13 14:57:39,0.5928937340560335
2012-08-13 14:57:48,0.5594580558853546
2012-08-13 14:57:59,0.5560822328846649
2012-08-13 14:58:08,0.33404007851511797
2012-08-13 14:58:19,0.3217769794859402
2012-08-13 14:58:29,0.11405416603577885
2012-08-13 14:58:38,0.27851904546531503
2012-08-13 14:58:49,0.47208484369937814
2012-08-13 14:58:58,0.31353145776076136
2012-08-13 14:59:08,0.6077477938125512
2012-08-13 14:59:19,0.8963182056519646
2012-08-13 14:59:28,0.5816377953394262
2012-08-13 14:59:39,0.7421106124014664
2012-08-13 14:59:48,0.6749337229966422
2012-08-13 14:59:58,0.522878749994189
2012-08-13 15:00:09,0.11988386880582545
2012-08-13 15:00:18,1.06391172746344
2012-08-13 15:00:29,1.0792048981018008
2012-08-13 15:00:38,0.3636712153042202
2012-08-13 15:00:48,0.21485816020900705
2012-08-13 15:00:59,0.41107314699061803
2012-08-13 15:01:08,0.5829101954566458
2012-08-13 15:01:19,0.6791415090468294
2012-08-13 15:01:29,0.9315241435024966
2012-08-13 15:01:38,0.47767580459339865
2012-08-13 15:01:49,0.7634887054489223
2012-08-13 15:01:58,0.5251961716913922
2012-08-13 15:02:09,0.049729455207540255
2012-08-13 15:02:19,0.48992544647085823
2012-08-13 15:02:28,0.39256706530731444
2012-08-13 15:02:39,1.096170530089656
2012-08-13 15:02:48,0.7501060961120827
2012-08-13 15:02:59,0.5348895630447408
2012-08-13 15:03:09,1.8911309280970474
2012-08-13 15:03:18,0.5566966558847027
2012-08-13 15:03:29,0.6365297641498372
2012-08-13 15:03:38,0.4239324955621364
2012-08-13 15:03:48,0.4834491759638106
2012-08-13 15:03:59,0.515338744740202
2012-08-13 15:04:08,0.08931923046501578
2012-08-13 15:04:19,0.44775011960511746
2012-08-13 15:04:28,1.1103986147060405
2012-08-13 15:04:38,1.183544859879539
2012-08-13 15:04:49,0.5304509339978425
2012-08-13 15:04:58,0.6789593642307613
2012-08-13 15:05:09,1.1779486105563581
2012-08-13 15:05:18,0.6596989180150826
2012-08-13 15:05:28,1.1903889434938462
2012-08-13 15:05:39,0.6749476204069095
2012-08-13 15:05:48,0.7721304222238508
2012-08-13 15:05:59,2.993743837446454
2012-08-13 15:06:09,1.021704601707723
2012-08-13 15:06:18,0.4723411531923652
2012-08-13 15:06:29,0.4492271867683911
2012-08-13 15:06:38,0.4329936008131371
2012-08-13 15:06:49,0.6535035071689492
2012-08-13 15:06:59,5.1646848798602125
2012-08-13 15:07:08,2.4795300474688684
2012-08-13 15:07:19,1.1978341331737243
2012-08-13 15:07:28,0.7462502363204443
2012-08-13 15:07:39,0.9641343709617364
2012-08-13 15:07:49,1.0627851522522878
2012-08-13 15:07:58,0.61990322824535
2012-08-13 15:08:09,0.9580422515500158
2012-08-13 15:08:18,0.8549360253264472
2012-08-13 15:08:28,0.4370438092025364
2012-08-13 15:08:39,0.09945891724836886
2012-08-13 15:08:48,1.572870434237151
2012-08-13 15:08:59,3.345433286090227
2012-08-13 15:09:08,2.7872295409890517
2012-08-13 15:09:18,4.626394000139189
2012-08-13 15:09:29,1.857021495961633
2012-08-13 15:09:38,0.4864700419645367
2012-08-13 15:09:49,12.383965481177361
2012-08-13 15:09:58,0.17263769381803
2012-08-13 15:10:08,0.1444892694025426
2012-08-13 15:10:19,0.4455241446724669
2012-08-13 15:10:28,4.455747458657681
2012-08-13 15:10:39,2.095108184265207
2012-08-13 15:10:49,0.8140322031883173
2012-08-13 15:10:58,0.24719978544439253
2012-08-13 15:11:09,0.1844434416345341
2012-08-13 15:11:18,0.5115900268074408
2012-08-13 15:11:29,0.4812073604054156
2012-08-13 15:11:39,0.3104453317733047
2012-08-13 15:11:48,0.665168591509981
2012-08-13 15:11:59,0.6445745683552361
2012-08-13 15:12:08,0.03138867165180666
2012-08-13 15:12:19,0.45206598945732984
2012-08-13 15:12:29,0.44551517140396435
2012-08-13 15:12:38,0.38227415363458844
2012-08-13 15:12:49,0.9907955985145531
2012-08-13 15:12:58,0.523446387470031
2012-08-13 15:13:08,0.3531571838204059
2012-08-13 15:13:19,0.4759532485590111
2012-08-13 15:13:28,1.195851941862075
2012-08-13 15:13:39,6.238423615793023
2012-08-13 15:13:48,7.221863068791066
2012-08-13 15:13:58,17.5489161762538
2012-08-13 15:14:09,2.460209279226808
2012-08-13 15:14:18,0.779887162692764
2012-08-13 15:14:29,1.5248019257199823
2012-08-13 15:14:39,0.2325340516907139
2012-08-13 15:14:48,0.2708695521928796
2012-08-13 15:14:59,2.424840374592331
2012-08-13 15:15:08,0.7736386206018969
2012-08-13 15:15:19,0.4316130602398496
2012-08-13 15:15:29,0.6092355980710634
2012-08-13 15:15:38,2.0303072716501798
2012-08-13 15:15:49,1.667957309494929
2012-08-13 15:15:58,2.5006057469470444
2012-08-13 15:16:09,1.599854576237903
2012-08-13 15:16:19,1.3391452125534757
2012-08-13 15:16:28,0.6123854097519137
2012-08-13 15:16:39,1.2530739337133079
2012-08-13 15:16:48,2.0314711841067337
2012-08-13 15:16:59,2.670554443217622
2012-08-13 15:17:09,0.38867986947570227
2012-08-13 15:17:18,0.27717905608004895
2012-08-13 15:17:29,1.4206902525658855
2012-08-13 15:17:38,0.30568018802538555
2012-08-13 15:17:48,1.1607909369858698
2012-08-13 15:17:59,0.6885533985986947
2012-08-13 15:18:08,1.08008570727224
2012-08-13 15:18:19,0.5046648844129978
2012-08-13 15:18:28,1.6014570313400096
2012-08-13 15:18:38,0.16502976094315402
2012-08-13 15:18:49,0.4562106663486894
2012-08-13 15:18:58,0.8395569986015801
2012-08-13 15:19:09,0.91811061067324
2012-08-13 15:19:19,0.08662245609417225
2012-08-13 15:19:28,1.2978701016531635
2012-08-13 15:19:39,0.7286799723375028
2012-08-13 15:19:48,1.7584662298058502
2012-08-13 15:19:59,0.9601550731069238
2012-08-13 15:20:09,1.6798087951181069
2012-08-13 15:20:18,0.09505662028736177
2012-08-13 15:20:29,0.22232508585286503
2012-08-13 15:20:38,0.774772594849252
2012-08-13 15:20:49,0.7812919086325611
2012-08-13 15:20:59,0.33930505252031395
2012-08-13 15:21:08,0.2674609199420439
2012-08-13 15:21:19,3.783966246485208
2012-08-13 15:21:28,0.7364367493133558
2012-08-13 15:21:38,0.6202155819550355
2012-08-13 15:21:49,0.7110131327559536
2012-08-13 15:21:58,0.6004128114415693
2012-08-13 15:22:09,0.2486473382573115
2012-08-13 15:22:18,0.9733449052489405
2012-08-13 15:22:28,0.6485937890557134
2012-08-13 15:22:39,0.6017550193725614
2012-08-13 15:22:48,0.3319972079762315
2012-08-13 15:22:59,0.8144882328515465
2012-08-13 15:23:08,1.0142205420302832
2012-08-13 15:23:18,5.108537694269982
2012-08-13 15:23:29,2.4348339884069437
2012-08-13 15:23:38,0.8026085629817107
2012-08-13 15:23:49,0.5488625651135173
2012-08-13 15:23:59,1.7319748676604974
2012-08-13 15:24:08,1.9543492541581056
2012-08-13 15:24:19,0.5262434493033628
2012-08-13 15:24:28,1.7235037899395929
2012-08-13 15:24:39,1.5459647362332918
2012-08-13 15:24:49,0.6844437377378234
2012-08-13 15:24:58,2.038873810601553
2012-08-13 15:25:09,0.8293006055488793
2012-08-13 15:25:18,0.26928423657219974
2012-08-13 15:25:29,0.4226465470992885
2012-08-13 15:25:39,0.5427226509034622
2012-08-13 15:25:48,0.7203009566709604
2012-08-13 15:25:59,0.3811551647200778
2012-08-13 15:26:08,1.0954838957467292
2012-08-13 15:26:18,0.6871864651177187
2012-08-13 15:26:29,0.6182251965572398
2012-08-13 15:26:38,1.3641660485288087
2012-08-13 15:26:49,0.5966797613869005
2012-08-13 15:26:58,0.4549930740087448
2012-08-13 15:27:08,0.14489971372828042
2012-08-13 15:27:19,0.31438383195300573
2012-08-13 15:27:28,0.18833205444259007
2012-08-13 15:27:39,0.4928574619321391
2012-08-13 15:27:48,0.45642655538434673
2012-08-13 15:27:58,0.1938220826704679
2012-08-13 15:28:09,1.5163841996622676
2012-08-13 15:28:18,0.2591279704634366
2012-08-13 15:28:29,0.2563361974393458
2012-08-13 15:28:39,0.22501684037701578
2012-08-13 15:28:48,1.1230183092155275
2012-08-13 15:28:59,0.7401870542814359
2012-08-13 15:29:08,4.943102639824694
2012-08-13 15:29:19,1.8412449589255289
2012-08-13 15:29:29,4.391981276194887
2012-08-13 15:29:38,1.6010137940238343
2012-08-13 15:29:49,0.46327896580386013
2012-08-13 15:29:58,2.3314064387124396
2012-08-13 15:30:09,3.8756403976802924
2012-08-13 15:30:19,2.0050279453953497
2012-08-13 15:30:28,1.850490039552959
2012-08-13 15:30:39,1.4914474688018833
2012-08-13 15:30:48,3.8017958439423523
2012-08-13 15:30:58,0.03996130030562043
2012-08-13 15:31:09,0.3534712874752036
2012-08-13 15:31:18,4.814247216651913
2012-08-13 15:31:29,3.9801212223815656
2012-08-13 15:31:38,1.9876075518689313
2012-08-13 15:31:48,0.8330679230904804
2012-08-13 15:31:59,0.9776357691387046
2012-08-13 15:32:08,2.0977445249420517
2012-08-13 15:32:19,1.2327865732413936
2012-08-13 15:32:28,1.2327865732417904
2012-08-13 15:32:38,0.43650004533933034
2012-08-13 15:32:49,1.4620422704626437
2012-08-13 15:32:58,0.7638947285959728
2012-08-13 15:33:09,0.39961299142612877
2012-08-13 15:33:19,0.1773155218547614
2012-08-13 15:33:28,0.6779808909643783
2012-08-13 15:33:39,1.2566954687456355
2012-08-13 15:33:48,0.723787802986183
2012-08-13 15:33:59,0.2237148834242412
2012-08-13 15:34:09,0.9763266553435734
2012-08-13 15:34:18,0.25579504708986506
2012-08-13 15:34:29,1.4181348853920213
2012-08-13 15:34:38,0.8027396644331415
2012-08-13 15:34:49,0.3518749304802305
2012-08-13 15:34:59,0.15923788402021868
2012-08-13 15:35:08,0.6047002819328443
2012-08-13 15:35:19,1.3621336823913666
2012-08-13 15:35:28,0.7238382101887189
2012-08-13 15:35:38,0.4457703298707958
2012-08-13 15:35:49,2.217411270229259
2012-08-13 15:35:58,0.3935165670150029
2012-08-13 15:36:09,0.6601190564086158
2012-08-13 15:36:18,0.9559928800821669
2012-08-13 15:36:28,3.2181395493495826
2012-08-13 15:36:39,0.4913999042868902
2012-08-13 15:36:48,1.6808872021586436
2012-08-13 15:36:59,0.672080590608172
2012-08-13 15:37:09,1.7968134823148054
2012-08-13 15:37:18,2.614692947618197
2012-08-13 15:37:29,1.4278191325118557
2012-08-13 15:37:38,1.0299302938270796
2012-08-13 15:37:49,0.4676562368351519
2012-08-13 15:37:59,2.44328735457078
2012-08-13 15:38:08,0.15923788053687246
2012-08-13 15:38:19,1.7601135038312803
2012-08-13 15:38:28,2.8579389808990983
2012-08-13 15:38:39,8.194674487269822
2012-08-13 15:38:49,3.3121975860651967
2012-08-13 15:38:58,2.5177623710774566
2012-08-13 15:39:09,3.2559988487022196
2012-08-13 15:39:18,2.0237509732430268
2012-08-13 15:39:29,4.084711586386091
2012-08-13 15:39:39,1.1065311788900263
2012-08-13 15:39:48,1.1557322596631436
2012-08-13 15:39:59,0.5336074819648954
2012-08-13 15:40:08,1.1067080586320335
2012-08-13 15:40:18,0.9089620721656163
2012-08-13 15:40:29,1.3004035773275613
2012-08-13 15:40:38,0.6900254613229343
2012-08-13 15:40:49,0.8241956807890116
2012-08-13 15:40:58,0.851420752178913
2012-08-13 15:41:08,0.3267518416534523
2012-08-13 15:41:19,2.398636498719201
2012-08-13 15:41:28,5.034480112739106
2012-08-13 15:41:39,2.165177452658027
2012-08-13 15:41:49,2.3253000063298557
2012-08-13 15:41:58,0.7100688352816602
2012-08-13 15:42:09,0.7743044447672823
2012-08-13 15:42:18,3.935303521711954
2012-08-13 15:42:29,0.3325532563074021
2012-08-13 15:42:39,0.9222173083431392
2012-08-13 15:42:48,0.28728405792635325
2012-08-13 15:42:59,3.4409082059155396
2012-08-13 15:43:08,2.0278335322552397
2012-08-13 15:43:19,1.1514229325687801
2012-08-13 15:43:29,0.9404199332944603
2012-08-13 15:43:38,7.672796190357867
2012-08-13 15:43:49,1.4394121407128118
2012-08-13 15:43:58,0.7073256581713306
2012-08-13 15:44:08,1.2085205690425547
2012-08-13 15:44:19,0.9904092521320949
2012-08-13 15:44:28,1.3211823116146544
2012-08-13 15:44:39,2.587361977646714
2012-08-13 15:44:48,1.1446712276664375
2012-08-13 15:44:58,1.1121648107769635
2012-08-13 15:45:09,1.0358263225228554
2012-08-13 15:45:18,1.5062555491390932
2012-08-13 15:45:29,1.4989582380529878
2012-08-13 15:45:38,0.5784329032363316
2012-08-13 15:45:48,2.3594776083378215
2012-08-13 15:45:59,0.8233890021521622
2012-08-13 15:46:08,0.1454988516395564
2012-08-13 15:46:19,0.8668723440084037
2012-08-13 15:46:29,2.6511943972309298
2012-08-13 15:46:38,2.0783332494661777
2012-08-13 15:46:49,4.329810374000458
2012-08-13 15:46:58,6.14209436132028
2012-08-13 15:47:09,1.3528849819895048
2012-08-13 15:47:19,5.366243876427649
2012-08-13 15:47:28,3.537776959350605
2012-08-13 15:47:39,0.9212994416173691
2012-08-13 15:47:48,3.045401266459741
2012-08-13 15:47:59,3.122726767689457
2012-08-13 15:48:09,2.0641858895015988
2012-08-13 15:48:18,3.3129534770044056
2012-08-13 15:48:29,3.9434327289457505
2012-08-13 15:48:38,1.6550118305142114
2012-08-13 15:48:48,1.968103748533053
2012-08-13 15:48:59,6.331312736284959
2012-08-13 15:49:08,0.8902657101054221
2012-08-13 15:49:19,2.6392016229935322
2012-08-13 15:49:28,1.340470104987218
2012-08-13 15:49:38,4.645946749950675
2012-08-13 15:49:49,1.7225957700667898
2012-08-13 15:49:58,9.676014151566578
2012-08-13 15:50:09,8.078270292227934
2012-08-13 15:50:18,1.914605513978579
2012-08-13 15:50:28,3.666563628137895
2012-08-13 15:50:39,1.8377594866940168
2012-08-13 15:50:48,2.139259575986372
2012-08-13 15:50:59,1.0907321378296546
2012-08-13 15:51:09,0.5215564721880046
2012-08-13 15:51:18,0.8856762652919702
2012-08-13 15:51:29,6.124296581575471
2012-08-13 15:51:38,1.6684761660370926
2012-08-13 15:51:49,10.934655658277867
2012-08-13 15:51:59,6.648723908819369
2012-08-13 15:52:08,8.96463848470143
2012-08-13 15:52:19,5.4015595515583765
2012-08-13 15:52:28,3.636713238069775
2012-08-13 15:52:39,2.726552131113889
2012-08-13 15:52:49,1.4147783671232268
2012-08-13 15:52:58,1.0104257960866376
2012-08-13 15:53:09,0.7631955980677434
2012-08-13 15:53:18,2.714888570540468
2012-08-13 15:53:28,1.3844842456250035
2012-08-13 15:53:39,1.4478036355088446
2012-08-13 15:53:48,4.728482117105129
2012-08-13 15:53:59,0.9657363085601828
2012-08-13 15:54:08,2.587016999194525
2012-08-13 15:54:18,2.273731802738039
2012-08-13 15:54:29,0.88551235372667
2012-08-13 15:54:38,3.3768377685097355
2012-08-13 15:54:49,1.1291592817090925
2012-08-13 15:54:58,0.9887157161779246
2012-08-13 15:55:08,1.2053922992389807
2012-08-13 15:55:19,0.49508929305593385
2012-08-13 15:55:28,3.7164954577183806
2012-08-13 15:55:39,1.0786163736172851
2012-08-13 15:55:49,0.5173202930793416
2012-08-13 15:55:58,0.41049784787708266
2012-08-13 15:56:09,0.0990600721555225
2012-08-13 15:56:18,0.8811010680549158
2012-08-13 15:56:29,4.125202559362591
2012-08-13 15:56:39,0.7974931787696795
2012-08-13 15:56:48,1.1279466898248702
2012-08-13 15:56:59,0.2956296826888509
2012-08-13 15:57:08,0.5203131251689288
2012-08-13 15:57:19,0.5242389995022656
2012-08-13 15:57:29,0.45226329910141516
2012-08-13 15:57:38,1.1533063959817125
2012-08-13 15:57:49,1.208704844225121
2012-08-13 15:57:58,0.31709494523770293
2012-08-13 15:58:08,0.7892893532802178
2012-08-13 15:58:19,0.14074996442444548
2012-08-13 15:58:28,0.6769743362133025
2012-08-13 15:58:39,0.36598872644468067
2012-08-13 15:58:48,0.6875651749675112
2012-08-13 15:58:58,0.6038101011187221
2012-08-13 15:59:09,0.4715288399733987
2012-08-13 15:59:18,0.10454054481586636
2012-08-13 15:59:29,0.19638859735574077
2012-08-13 15:59:39,0.40997338845023157
2012-08-13 15:59:48,0.5082692968298818
2012-08-13 15:59:59,0.9370600157122067
2012-08-13 16:00:08,1.3549204834280673
2012-08-13 16:00:19,0.5349218229326724
2012-08-13 16:00:29,0.5522766105702116
2012-08-13 16:00:38,0.9021796465447119
2012-08-13 16:00:49,0.5041174984758142
2012-08-13 16:00:58,1.0137982796217575
2012-08-13 16:01:09,0.6678999404083448
2012-08-13 16:01:19,0.3822741906498489
2012-08-13 16:01:28,0.65094522035964
2012-08-13 16:01:39,0.9024059276199953
2012-08-13 16:01:48,0.9370600144468203
2012-08-13 16:01:59,0.45513576820414364
2012-08-13 16:02:09,0.4540207301308666
2012-08-13 16:02:18,0.6509998048071843
2012-08-13 16:02:29,0.9808095429883242
2012-08-13 16:02:38,0.6667805833720176
2012-08-13 16:02:48,0.4099733853532664
2012-08-13 16:02:59,0.7305781834693503
2012-08-13 16:03:08,0.6205306632597836
2012-08-13 16:03:19,0.3088049660998053
2012-08-13 16:03:28,0.37794764329869834
2012-08-13 16:03:38,0.2543879951569617
2012-08-13 16:03:49,0.2452123464023404
2012-08-13 16:03:58,0.28373451838726654
2012-08-13 16:04:09,0.38877903415328946
2012-08-13 16:04:19,0.4827602310460196
2012-08-13 16:04:28,0.8958246088277466
2012-08-13 16:04:39,0.5611378817606807
2012-08-13 16:04:48,0.08918062224024141
2012-08-13 16:04:59,0.04972946680425775
2012-08-13 16:05:09,0.842053354460462
2012-08-13 16:05:18,0.5767108079773965
2012-08-13 16:05:29,0.7224114796899026
2012-08-13 16:05:38,0.7533826464173891
2012-08-13 16:05:49,0.9420561700492226
2012-08-13 16:05:59,2.8020651981812397
2012-08-13 16:06:08,2.1323519649164884
2012-08-13 16:06:19,0.7327250803267542
2012-08-13 16:06:28,1.1189935588931998
2012-08-13 16:06:38,0.7916438627335725
2012-08-13 16:06:49,0.282828716699155
2012-08-13 16:06:58,0.5072912827481968
2012-08-13 16:07:09,0.9697246062518038
2012-08-13 16:07:18,0.7651933727492681
2012-08-13 16:07:28,0.12166382458500001
2012-08-13 16:07:39,0.619903328876621
2012-08-13 16:07:48,0.45226329968018986
2012-08-13 16:07:59,0.5776884428053324
2012-08-13 16:08:08,0.1821699873242737
2012-08-13 16:08:18,0.36761060086701264
2012-08-13 16:08:29,0.16415544067091792
2012-08-13 16:08:38,0.11087161889112591
2012-08-13 16:08:49,0.3936177207136767
2012-08-13 16:08:59,0.6113603660897882
2012-08-13 16:09:08,0.4857329207657293
2012-08-13 16:09:19,0.6546624314946657
2012-08-13 16:09:28,0.07429505299879031
2012-08-13 16:09:39,0.33199720736546406
2012-08-13 16:09:49,0.5324954060546727
2012-08-13 16:09:58,0.445524190780875
2012-08-13 16:10:09,0.5717327172278042
2012-08-13 16:10:18,0.2913967786003272
2012-08-13 16:10:29,0.283806901239341
2012-08-13 16:10:39,0.3413225494955458
2012-08-13 16:10:48,0.19072237842983722
2012-08-13 16:10:59,0.41729343083518233
2012-08-13 16:11:08,0.27122379688657794
2012-08-13 16:11:18,0.3452026167751277
2012-08-13 16:11:29,0.17815475251253396
2012-08-13 16:11:38,0.38022647015078553
2012-08-13 16:11:49,0.3636713031219199
2012-08-13 16:11:58,0.30452981498898163
2012-08-13 16:12:08,0.10499839544588857
2012-08-13 16:12:19,0.3820060857437709
2012-08-13 16:12:28,0.21972071742534363
2012-08-13 16:12:39,1.06177452495811
2012-08-13 16:12:48,0.32075008623883927
2012-08-13 16:12:58,0.46761351356612413
2012-08-13 16:13:09,0.809289949296319
2012-08-13 16:13:18,0.23872629047164232
2012-08-13 16:13:29,1.1589184315487586
2012-08-13 16:13:39,0.31742293125046606
2012-08-13 16:13:48,2.9350725870232
2012-08-13 16:13:59,0.5494208828787536
2012-08-13 16:14:08,0.5905520585822185
2012-08-13 16:14:19,0.5742940366145961
2012-08-13 16:14:29,2.4208836432947924
2012-08-13 16:14:38,0.9285108597677355
2012-08-13 16:14:49,0.7828611933132928
2012-08-13 16:14:58,0.13561830625240962
2012-08-13 16:15:09,1.1618666233495498
2012-08-13 16:15:19,0.8938198399610805
2012-08-13 16:15:28,0.23408955074621965
2012-08-13 16:15:39,0.6771738676855077
2012-08-13 16:15:48,5.694917271588199
2012-08-13 16:15:58,2.454353488258038
2012-08-13 16:16:09,1.8606740927143515
2012-08-13 16:16:18,2.6621752348600562
2012-08-13 16:16:29,1.1198109990463732
2012-08-13 16:16:38,0.8118091140120199
2012-08-13 16:16:48,0.8196767031313864
2012-08-13 16:16:59,0.33303067844555967
2012-08-13 16:17:08,0.334040170455286
2012-08-13 16:17:19,2.0942106253113533
2012-08-13 16:17:28,5.2536258112142
2012-08-13 16:17:38,9.025906079520759
2012-08-13 16:17:49,8.831415063138488
2012-08-13 16:17:58,8.409909529839684
2012-08-13 16:18:09,7.28164123084196
2012-08-13 16:18:19,6.713861676720806
2012-08-13 16:18:28,11.047598892077614
2012-08-13 16:18:39,10.386300899938078
2012-08-13 16:18:48,17.23854221020104
2012-08-13 16:18:59,5.923084104815929
2012-08-13 16:19:09,0.431783579840929
2012-08-13 16:19:18,1.5810434865498006
2012-08-13 16:19:29,9.229982673499979
2012-08-13 16:19:38,14.568928720378183
2012-08-13 16:19:49,7.591725756614738
2012-08-13 16:19:59,7.636917862231493
2012-08-13 16:20:08,6.74839255796155
2012-08-13 16:20:19,3.029479219475887
2012-08-13 16:20:28,0.513375093922749
2012-08-13 16:20:38,0.15762151811670094
2012-08-13 16:20:49,0.21196630289690882
2012-08-13 16:20:58,18.37407513726822
2012-08-13 16:21:09,10.322277835839735
2012-08-13 16:21:18,7.670607580195288
2012-08-13 16:21:28,8.371978810535493
2012-08-13 16:21:39,4.6922016502350985
2012-08-13 16:21:48,0.7810757484530655
2012-08-13 16:21:59,0.6735955480069421
2012-08-13 16:22:09,1.0850798173783769
2012-08-13 16:22:18,0.8941322172910212
2012-08-13 16:22:29,0.7629883751762285
2012-08-13 16:22:38,0.6444429429997697
2012-08-13 16:22:49,0.42556986090101856
2012-08-13 16:22:59,0.6576285148456047
2012-08-13 16:23:08,6.313764957552044
2012-08-13 16:23:19,2.2878192615262374
2012-08-13 16:23:28,0.2127121426046137
2012-08-13 16:23:39,0.15484487248671372
2012-08-13 16:23:49,0.1327241763401298
2012-08-13 16:23:58,0.01569433822879036
2012-08-13 16:24:09,0.8755393533522726
2012-08-13 16:24:18,0.2511094212495876
2012-08-13 16:24:29,7.854766106189652
2012-08-13 16:24:39,4.008859366504771
2012-08-13 16:24:48,0.7920277007331443
2012-08-13 16:24:59,0.7140260635810357
2012-08-13 16:25:08,4.160352889503341
2012-08-13 16:25:18,3.4673601769267925
2012-08-13 16:25:29,0.42396452851117666
2012-08-13 16:25:38,0.015694338736151378
2012-08-13 16:25:49,0.10499840021141361
2012-08-13 16:25:58,0.2511094231136469
2012-08-13 16:26:08,0.24765019190456444
2012-08-13 16:26:19,0.26568178215453875
2012-08-13 16:26:28,0.5126724794076369
2012-08-13 16:26:39,0.07100688795588468
2012-08-13 16:26:49,0.6317689117003455
2012-08-13 16:26:58,0.8440461067658028
2012-08-13 16:27:09,5.799862476460496
2012-08-13 16:27:18,3.7082374908504847
2012-08-13 16:27:29,1.1135764085356956
2012-08-13 16:27:39,0.33186186015819397
2012-08-13 16:27:48,0.13368493294443964
2012-08-13 16:27:59,3.6565294948801403
2012-08-13 16:28:08,1.9724474449296505
2012-08-13 16:28:19,1.147825101615195
2012-08-13 16:28:29,1.77050449356069
2012-08-13 16:28:38,1.0104988363520628
2012-08-13 16:28:49,0.7683450041316539
2012-08-13 16:28:58,0.4348153385830215
2012-08-13 16:29:08,0.39908423798621107
2012-08-13 16:29:19,0.47091475867625265
2012-08-13 16:29:28,1.0377376568973409
2012-08-13 16:29:39,0.5655282470178206
2012-08-13 16:29:48,2.868530260003432
2012-08-13 16:29:58,0.43283443385408626
2012-08-13 16:30:09,0.37688590360563423
2012-08-13 16:30:18,0.7783741705151104
2012-08-13 16:30:29,1.109206209471307
2012-08-13 16:30:38,3.757279628742823
2012-08-13 16:30:48,3.417667749072851
2012-08-13 16:30:59,1.320904112078492
2012-08-13 16:31:08,4.4248471936658085
2012-08-13 16:31:19,0.6693374401926883
2012-08-13 16:31:29,2.4861417320587784
2012-08-13 16:31:38,1.1222251045759242
2012-08-13 16:31:49,0.5383941233662509
2012-08-13 16:31:58,1.0192739543480525
2012-08-13 16:32:09,1.2624528168098725
2012-08-13 16:32:19,1.790462089176312
2012-08-13 16:32:28,2.831923654559285
2012-08-13 16:32:39,2.7165645327938552
2012-08-13 16:32:48,5.559682615473653
2012-08-13 16:32:59,5.1540611171970525
2012-08-13 16:33:09,9.910940596092487
2012-08-13 16:33:18,6.5370599875794735
2012-08-13 16:33:29,4.667910287160303
2012-08-13 16:33:38,3.8865258135319953
2012-08-13 16:33:48,0.28971265618871733
2012-08-13 16:33:59,0.9711700483026745
2012-08-13 16:34:08,0.4319279083121092
2012-08-13 16:34:19,1.0310942652506607
2012-08-13 16:34:28,3.0744939123608415
2012-08-13 16:34:38,5.188908249006685
2012-08-13 16:34:49,3.681127889112896
2012-08-13 16:34:58,1.232767486072917
2012-08-13 16:35:09,0.588537262708849
2012-08-13 16:35:18,4.133561873397703
2012-08-13 16:35:28,1.805443982956423
2012-08-13 16:35:39,1.1405320032908872
2012-08-13 16:35:48,4.076495738739185
2012-08-13 16:35:59,2.7798327267823337
2012-08-13 16:36:09,4.264337150361041
2012-08-13 16:36:18,1.302756385649446
2012-08-13 16:36:29,3.7870961922411617
2012-08-13 16:36:38,2.7798925131957306
2012-08-13 16:36:49,2.30584018898884
2012-08-13 16:36:59,1.5605017664783756
2012-08-13 16:37:08,0.3418485225261272
2012-08-13 16:37:19,0.5739229952814662
2012-08-13 16:37:28,1.7796641444891408
2012-08-13 16:37:39,2.307414863809915
2012-08-13 16:37:49,1.6976658937462157
2012-08-13 16:37:58,0.18887999610807799
2012-08-13 16:38:09,0.2799955963332413
2012-08-13 16:38:18,1.504059945673905
2012-08-13 16:38:28,1.907284473907143
2012-08-13 16:38:39,1.0526213963723172
2012-08-13 16:38:48,0.5421945980993597
2012-08-13 16:38:59,0.7528459762268407
2012-08-13 16:39:08,4.333573069066322
2012-08-13 16:39:18,3.8593750314142383
2012-08-13 16:39:29,8.644760993269285
2012-08-13 16:39:38,5.8982898924996086
2012-08-13 16:39:49,2.9332352207225236
2012-08-13 16:39:58,2.1815118880657427
2012-08-13 16:40:08,2.5812260654778276
2012-08-13 16:40:19,6.844650518388603
2012-08-13 16:40:28,3.6460669912572543
2012-08-13 16:40:39,0.43635275113177663
2012-08-13 16:40:49,3.5445022433811326
2012-08-13 16:40:58,0.5263106322562986
2012-08-13 16:41:09,0.3518569345168426
2012-08-13 16:41:18,1.6130081230016262
2012-08-13 16:41:29,2.787441351595796
2012-08-13 16:41:39,6.8808162984624985
2012-08-13 16:41:48,2.2238633686039093
2012-08-13 16:41:59,5.058873160026593
2012-08-13 16:42:08,5.722145749636598
2012-08-13 16:42:19,5.357604401075728
2012-08-13 16:42:29,5.228937349583494
2012-08-13 16:42:38,15.434405484516477
2012-08-13 16:42:49,12.898629258480437
2012-08-13 16:42:58,8.72704918778952
2012-08-13 16:43:08,6.1355593923798555
2012-08-13 16:43:19,3.0400854378230444
2012-08-13 16:43:28,4.768819879486158
2012-08-13 16:43:39,1.7436546199329968
2012-08-13 16:43:48,2.1050303587052843
2012-08-13 16:43:58,8.28737063875494
2012-08-13 16:44:09,5.940973389049075
2012-08-13 16:44:18,7.384629361748196
2012-08-13 16:44:29,7.8247653630033165
2012-08-13 16:44:39,10.93465475141188
2012-08-13 16:44:48,4.536210706594677
2012-08-13 16:44:59,4.1931062580664635
2012-08-13 16:45:08,5.738346121194982
2012-08-13 16:45:19,3.6058240679130487
2012-08-13 16:45:29,2.983510193373394
2012-08-13 16:45:38,3.2714256273903533
2012-08-13 16:45:49,4.0386214930472395
2012-08-13 16:45:58,1.7746261960678935
2012-08-13 16:46:09,4.562532190141744
2012-08-13 16:46:19,4.675223091738176
2012-08-13 16:46:28,5.364043608560411
2012-08-13 16:46:39,16.77238118454788
2012-08-13 16:46:48,4.5582559501798885
2012-08-13 16:46:59,4.887440795859985
2012-08-13 16:47:09,1.4984714735358278
2012-08-13 16:47:18,1.610726140634802
2012-08-13 16:47:29,0.3505217200175398
2012-08-13 16:47:38,2.938976304571818
2012-08-13 16:47:48,3.108578334147229
2012-08-13 16:47:59,0.7304673219880817
2012-08-13 16:48:08,5.5185091754247475
2012-08-13 16:48:19,3.7590513280821924
2012-08-13 16:48:28,2.826366184514203
2012-08-13 16:48:38,1.0196210551054163
2012-08-13 16:48:49,3.4535620963205687
2012-08-13 16:48:58,2.944228348203365
2012-08-13 16:49:09,1.2005883701681113
2012-08-13 16:49:19,4.909028003405798
2012-08-13 16:49:28,6.021049118160455
2012-08-13 16:49:39,2.070005374648215
2012-08-13 16:49:48,2.037244488811821
2012-08-13 16:49:59,1.5391284905084799
2012-08-13 16:50:09,0.49246572548593115
2012-08-13 16:50:18,0.8577969361349748
2012-08-13 16:50:29,0.45499237764382244
2012-08-13 16:50:38,1.2094602089400508
2012-08-13 16:50:49,0.931466741887557
2012-08-13 16:50:59,0.43686682387412795
2012-08-13 16:51:08,5.924576780362531
2012-08-13 16:51:19,3.471429603367849
2012-08-13 16:51:28,1.3974397216182024
2012-08-13 16:51:38,0.6352993762286177
2012-08-13 16:51:49,0.0990599244511403
2012-08-13 16:51:58,0.7379048615910534
2012-08-13 16:52:09,3.2204816515538637
2012-08-13 16:52:18,2.527674160327273
2012-08-13 16:52:28,2.8464384559761737
2012-08-13 16:52:39,4.297896567578201
2012-08-13 16:52:48,0.734169056179573
2012-08-13 16:52:59,0.5636318017902631
2012-08-13 16:53:08,0.8175629544788552
2012-08-13 16:53:18,2.126853062606943
2012-08-13 16:53:29,0.2173958866581898
2012-08-13 16:53:38,1.4606427840254417
2012-08-13 16:53:49,1.0070024133225495
2012-08-13 16:53:59,0.7554937606285665
2012-08-13 16:54:08,0.6353220644189164
2012-08-13 16:54:19,1.1367720830091468
2012-08-13 16:54:28,0.9394873227169814
2012-08-13 16:54:39,0.49804280116829136
2012-08-13 16:54:49,0.13457924110836297
2012-08-13 16:54:58,3.516927352391176
2012-08-13 16:55:09,5.843508258607289
2012-08-13 16:55:18,1.2993924494919706
2012-08-13 16:55:29,3.5629648343431772
2012-08-13 16:55:39,5.7939355008585185
2012-08-13 16:55:48,0.15840668538964645
2012-08-13 16:55:59,1.5472331318945858
2012-08-13 16:56:08,4.746720439332021
2012-08-13 16:56:18,0.5796859534936605
2012-08-13 16:56:29,2.3941222423190354
2012-08-13 16:56:38,4.07440434836554
2012-08-13 16:56:49,1.5602584100300267
2012-08-13 16:56:58,1.995066717110294
2012-08-13 16:57:08,0.5695882712831848
2012-08-13 16:57:19,1.2417797480486326
2012-08-13 16:57:28,0.397763222843306
2012-08-13 16:57:39,1.269590675308592
2012-08-13 16:57:48,2.8783155875667066
2012-08-13 16:57:58,2.8783155876245776
2012-08-13 16:58:09,5.268117826751844
2012-08-13 16:58:18,1.2086738960064343
2012-08-13 16:58:29,2.5067909840843807
2012-08-13 16:58:39,2.782741066558644
2012-08-13 16:58:48,2.8258847554823885
2012-08-13 16:58:59,11.249456256645734
2012-08-13 16:59:08,3.8889385273096995
2012-08-13 16:59:19,0.9233854395410636
2012-08-13 16:59:29,0.8125080353145826
2012-08-13 16:59:38,0.8184897279897853
2012-08-13 16:59:49,0.5639295407294239
2012-08-13 16:59:58,0.6673388840407907
2012-08-13 17:00:09,3.8190950203571727
2012-08-13 17:00:19,0.4492671311769866
2012-08-13 17:00:28,1.787183260924713
2012-08-13 17:00:39,2.7485229804061784
2012-08-13 17:00:48,0.47884154545192686
2012-08-13 17:00:58,0.7812904435583864
2012-08-13 17:01:09,0.2630138993870515
2012-08-13 17:01:18,3.8141437187372893
2012-08-13 17:01:29,3.1284609576373503
2012-08-13 17:01:38,4.222354087784617
2012-08-13 17:01:48,2.7265868170873744
2012-08-13 17:01:59,2.438514689638703
2012-08-13 17:02:08,1.0114178506640779
2012-08-13 17:02:19,1.113096345548061
2012-08-13 17:02:28,1.3302106263435003
2012-08-13 17:02:38,4.09047341109469
2012-08-13 17:02:49,0.6336195037966661
2012-08-13 17:02:58,0.9567355320401599
2012-08-13 17:03:09,1.1886368129989338
2012-08-13 17:03:19,3.49897420115693
2012-08-13 17:03:28,2.427983283136411
2012-08-13 17:03:39,2.1846615249469563
2012-08-13 17:03:48,1.8430734419229655
2012-08-13 17:03:59,0.512563746424478
2012-08-13 17:04:09,2.530100787911211
2012-08-13 17:04:18,0.45470206075662517
2012-08-13 17:04:29,1.0515308505232723
2012-08-13 17:04:38,3.2738878143996613
2012-08-13 17:04:49,2.2074726046085975
2012-08-13 17:04:59,4.114466291700441
2012-08-13 17:05:08,1.9951169269597377
2012-08-13 17:05:19,3.404790800891863
2012-08-13 17:05:28,0.5961705778233881
2012-08-13 17:05:38,2.8396073834556605
2012-08-13 17:05:49,3.4435391546801135
2012-08-13 17:05:58,0.9373193639499126
2012-08-13 17:06:09,0.5642262494393264
2012-08-13 17:06:18,0.6540774920621274
2012-08-13 17:06:28,2.2768772496148717
2012-08-13 17:06:39,1.0693360625165373
2012-08-13 17:06:48,1.3257701347126012
2012-08-13 17:06:59,0.5452634253620715
2012-08-13 17:07:09,1.3594425530608392
2012-08-13 17:07:18,1.426494646015509
2012-08-13 17:07:29,0.7569615775862713
2012-08-13 17:07:38,0.6426308748879187
2012-08-13 17:07:49,0.755111534977662
2012-08-13 17:07:59,0.4729972213474219
2012-08-13 17:08:08,0.2747626624999026
2012-08-13 17:08:19,1.1201646223482642
2012-08-13 17:08:28,1.517110279388951
2012-08-13 17:08:39,0.6799242479860421
2012-08-13 17:08:49,0.8634787356471738
2012-08-13 17:08:58,0.9646548238793252
2012-08-13 17:09:09,1.0896588720968479
2012-08-13 17:09:18,1.1423615282285795
2012-08-13 17:09:29,1.2035092951892155
2012-08-13 17:09:39,0.6545124286602699
2012-08-13 17:09:48,0.5626469319943477
2012-08-13 17:09:59,1.1570509161980045
2012-08-13 17:10:08,0.9712553493907988
2012-08-13 17:10:18,0.8023816110540196
2012-08-13 17:10:29,0.9151275231548724
2012-08-13 17:10:38,0.7467764139597536
2012-08-13 17:10:49,0.2889780670473509
2012-08-13 17:10:58,1.4831857702401663
2012-08-13 17:11:08,0.5496301292774451
2012-08-13 17:11:19,1.5107348390971813
2012-08-13 17:11:28,1.09201551176837
2012-08-13 17:11:39,0.6651676976750248
2012-08-13 17:11:49,0.6999880535677987
2012-08-13 17:11:58,1.3561961955762811
2012-08-13 17:12:09,0.9151799147432792
2012-08-13 17:12:18,0.25536041443521645
2012-08-13 17:12:29,0.3572763799455385
2012-08-13 17:12:39,0.7311018243638958
2012-08-13 17:12:48,0.2582570590797885
2012-08-13 17:12:59,0.17952256048104448
2012-08-13 17:13:08,1.250167286095914
2012-08-13 17:13:19,0.3332502811750301
2012-08-13 17:13:29,1.3402115324397887
2012-08-13 17:13:38,0.6369370337555035
2012-08-13 17:13:49,1.3234464388193923
2012-08-13 17:13:58,1.2382714166923532
2012-08-13 17:14:08,0.6751429423377538
2012-08-13 17:14:19,0.8346635071633474
2012-08-13 17:14:28,0.4216051649899273
2012-08-13 17:14:39,1.80617789730555
2012-08-13 17:14:48,2.4099826670027227
2012-08-13 17:14:58,1.1732404345360967
2012-08-13 17:15:09,1.1752532406284513
2012-08-13 17:15:18,0.9337919598643039
2012-08-13 17:15:29,1.123583810643339
2012-08-13 17:15:38,0.23604209814808447
2012-08-13 17:15:48,1.1965310884137934
2012-08-13 17:15:59,1.8438453455785813
2012-08-13 17:16:08,0.5251649466873283
2012-08-13 17:16:19,0.8520811645359982
2012-08-13 17:16:29,1.213605278469061
2012-08-13 17:16:38,1.7939556992702133
2012-08-13 17:16:49,1.498805963609952
2012-08-13 17:16:58,2.111395926838104
2012-08-13 17:17:09,1.148335212685879
2012-08-13 17:17:19,1.5120804969835484
2012-08-13 17:17:28,0.711900421127666
2012-08-13 17:17:39,1.464123155650862
2012-08-13 17:17:48,2.424673885400918
2012-08-13 17:17:59,1.2923471151040218
2012-08-13 17:18:09,1.4035272174569209
2012-08-13 17:18:18,1.227063736829247
2012-08-13 17:18:29,3.1420609978863525
2012-08-13 17:18:38,2.8162086109415547
2012-08-13 17:18:48,0.6045318597811767
2012-08-13 17:18:59,0.698388405200197
2012-08-13 17:19:08,2.055954858298456
2012-08-13 17:19:19,0.6601179866922483
2012-08-13 17:19:28,0.9887610916457729
2012-08-13 17:19:38,1.6433160612539177
2012-08-13 17:19:49,0.5494199892206949
2012-08-13 17:19:58,0.9020263582722319
2012-08-13 17:20:09,2.201445346271974
2012-08-13 17:20:18,0.6542043950481461
2012-08-13 17:20:28,0.982510053100064
2012-08-13 17:20:39,0.8611342309048327
2012-08-13 17:20:48,1.3894949071026657
2012-08-13 17:20:59,1.7523695879835768
2012-08-13 17:21:09,0.9131088090230326
2012-08-13 17:21:18,3.7200831571567132
2012-08-13 17:21:29,2.1372370026628267
2012-08-13 17:21:38,0.7847674254167032
2012-08-13 17:21:49,2.7875441413235715
2012-08-13 17:21:59,1.625270285310687
2012-08-13 17:22:08,1.5482238249407223
2012-08-13 17:22:19,0.23962763363629727
2012-08-13 17:22:28,2.5154382657232515
2012-08-13 17:22:39,2.8925696450640204
2012-08-13 17:22:49,0.7645531968978558
2012-08-13 17:22:58,0.663959315158038
2012-08-13 17:23:09,0.9006060815228014
2012-08-13 17:23:18,1.8449125238400657
2012-08-13 17:23:28,2.9459253988681535
2012-08-13 17:23:39,1.3272393061808072
2012-08-13 17:23:48,2.992700595357229
2012-08-13 17:23:59,0.9734899055853619
2012-08-13 17:24:08,0.6135318895179125
2012-08-13 17:24:18,1.2229194720819454
2012-08-13 17:24:29,1.6544475038605138
2012-08-13 17:24:38,1.095198872137744
2012-08-13 17:24:49,0.6652286066650341
2012-08-13 17:24:58,1.2581178771853407
2012-08-13 17:25:08,1.104590394884028
2012-08-13 17:25:19,2.349198741067132
2012-08-13 17:25:28,1.7318508106845194
2012-08-13 17:25:39,1.1667404267527033
2012-08-13 17:25:49,1.6750437177608641
2012-08-13 17:25:58,2.5508902059242256
2012-08-13 17:26:09,0.3224362217142533
2012-08-13 17:26:18,0.3863922498515823
2012-08-13 17:26:29,0.5650649152286665
2012-08-13 17:26:39,3.5339325192417745
2012-08-13 17:26:48,0.7384383516101866
2012-08-13 17:26:59,1.5656327108160009
2012-08-13 17:27:08,0.7157012859470142
2012-08-13 17:27:19,0.802738244500141
2012-08-13 17:27:29,0.06728960601991614
2012-08-13 17:27:38,1.5117550354033327
2012-08-13 17:27:49,1.4829317539217448
2012-08-13 17:27:58,0.561937436672918
2012-08-13 17:28:08,1.0634124165295034
2012-08-13 17:28:19,1.407483219911905
2012-08-13 17:28:28,0.49617152713918344
2012-08-13 17:28:39,0.18833174050732981
2012-08-13 17:28:48,0.42542360038683563
2012-08-13 17:28:58,1.379423135469753
2012-08-13 17:29:09,0.3015744596442533
2012-08-13 17:29:18,0.6331792326151034
2012-08-13 17:29:29,0.46761280864298954
2012-08-13 17:29:39,1.1587432610559927
2012-08-13 17:29:48,0.6365289631775464
2012-08-13 17:29:59,0.4098375931685714
2012-08-13 17:30:08,1.4668358551700718
2012-08-13 17:30:19,2.6282646733729074
2012-08-13 17:30:29,1.7994509528758746
2012-08-13 17:30:38,0.34084132544854745
2012-08-13 17:30:49,1.557643481282562
2012-08-13 17:30:58,1.5682858123615109
2012-08-13 17:31:09,1.8317356222796817
2012-08-13 17:31:19,2.617089991954625
2012-08-13 17:31:28,1.5981015605940279
2012-08-13 17:31:39,0.892455917235767
2012-08-13 17:31:48,2.142079717701403
2012-08-13 17:31:59,2.8205813453627107
2012-08-13 17:32:09,3.0665799085880643
2012-08-13 17:32:18,1.7555398963205955
2012-08-13 17:32:29,2.119114746111303
2012-08-13 17:32:38,3.0130418398126206
2012-08-13 17:32:48,0.30387354674781686
2012-08-13 17:32:59,1.2691589461477313
2012-08-13 17:33:08,1.046733777811145
2012-08-13 17:33:19,3.82339717350338
2012-08-13 17:33:28,0.9502812736272652
2012-08-13 17:33:38,0.73928061049791
2012-08-13 17:33:49,0.780680535654593
2012-08-13 17:33:58,4.386429328486241
2012-08-13 17:34:09,1.6568405234723411
2012-08-13 17:34:19,5.309534448105211
2012-08-13 17:34:28,1.9823466190395802
2012-08-13 17:34:39,2.0881414804706306
2012-08-13 17:34:48,0.8813745021653514
2012-08-13 17:34:59,1.2071149667067067
2012-08-13 17:35:09,0.7219383424343966
2012-08-13 17:35:18,1.8220423861539068
2012-08-13 17:35:29,2.010339667965827
2012-08-13 17:35:38,1.3802057521724964
2012-08-13 17:35:49,0.36200895540324757
2012-08-13 17:35:59,3.819234935802727
2012-08-13 17:36:08,0.8066099888540876
2012-08-13 17:36:19,0.5967016380382694
2012-08-13 17:36:28,0.8451414915615042
2012-08-13 17:36:38,2.941296687665481
2012-08-13 17:36:49,0.8464980132650287
2012-08-13 17:36:58,1.4654477096559784
2012-08-13 17:37:09,1.3173559080744492
2012-08-13 17:37:18,1.1287321972791668
2012-08-13 17:37:28,3.6738080933044737
2012-08-13 17:37:39,1.161590167370072
2012-08-13 17:37:48,1.8907386293022175
2012-08-13 17:37:59,0.5452634069146717
2012-08-13 17:38:08,0.7541600159889451
2012-08-13 17:38:18,0.18216970013856093
2012-08-13 17:38:29,1.3143952370855634
2012-08-13 17:38:38,0.2675442589710344
2012-08-13 17:38:49,2.7886554304436495
2012-08-13 17:38:59,1.6691665267374343
2012-08-13 17:39:08,1.4595502307075854
2012-08-13 17:39:19,2.9952781752612143
2012-08-13 17:39:28,1.175723088726636
2012-08-13 17:39:39,1.8431804657206934
2012-08-13 17:39:49,0.5301552233951069
2012-08-13 17:39:58,1.3203621427949284
2012-08-13 17:40:09,0.8233877266467493
2012-08-13 17:40:18,0.9086959265213654
2012-08-13 17:40:29,0.5207915808369404
2012-08-13 17:40:39,1.6766287992110314
2012-08-13 17:40:48,0.8641553167191388
2012-08-13 17:40:59,4.335877123867979
2012-08-13 17:41:08,1.905997721241463
2012-08-13 17:41:18,1.3329546080807937
2012-08-13 17:41:29,2.244465062277433
2012-08-13 17:41:38,1.887656218786182
2012-08-13 17:41:49,1.2974517239954126
2012-08-13 17:41:58,1.54426076789165
2012-08-13 17:42:08,1.7876647240219468
2012-08-13 17:42:19,1.7705200825743042
2012-08-13 17:42:28,1.072119488384675
2012-08-13 17:42:39,2.690837776115199
2012-08-13 17:42:48,1.072470232504582
2012-08-13 17:42:58,1.8001318461746885
2012-08-13 17:43:09,1.614377479163714
2012-08-13 17:43:18,2.9692815871871434
2012-08-13 17:43:29,1.160589533793141
2012-08-13 17:43:39,1.0503911180960022
2012-08-13 17:43:48,1.353586152190718
2012-08-13 17:43:59,0.9576443080471778
2012-08-13 17:44:08,0.7897188761695292
2012-08-13 17:44:19,1.814030395265209
2012-08-13 17:44:29,1.7936191850403793
2012-08-13 17:44:38,1.2139331891798564
2012-08-13 17:44:49,0.6802739668760025
2012-08-13 17:44:58,0.9265560126565761
2012-08-13 17:45:09,1.090996721495597
2012-08-13 17:45:19,1.0114663278248899
2012-08-13 17:45:28,0.41791151116429237
2012-08-13 17:45:39,0.7727844862277764
2012-08-13 17:45:48,1.7683086489106994
2012-08-13 17:45:58,1.5656326931796536
2012-08-13 17:46:09,1.5062078022622516
2012-08-13 17:46:18,2.783984117207264
2012-08-13 17:46:29,0.8810996976442328
2012-08-13 17:46:38,0.9993196758018836
2012-08-13 17:46:48,0.971464401648127
2012-08-13 17:46:59,1.2097554370714245
2012-08-13 17:47:08,0.8729909690285066
2012-08-13 17:47:19,1.680044100060104
2012-08-13 17:47:28,1.6405532961870035
2012-08-13 17:47:38,0.4317174418398384
2012-08-13 17:47:49,1.1539297115174578
2012-08-13 17:47:58,1.303719628062069
2012-08-13 17:48:09,1.5990812887372623
2012-08-13 17:48:19,1.364976691920052
2012-08-13 17:48:28,0.8863489553896726
2012-08-13 17:48:39,0.5533294139825347
2012-08-13 17:48:48,0.15484458403943746
2012-08-13 17:48:59,0.8439151150917978
2012-08-13 17:49:09,0.5746867606000242
2012-08-13 17:49:18,0.6032406803537896
2012-08-13 17:49:29,1.499984181729743
2012-08-13 17:49:38,0.9580406416961942
2012-08-13 17:49:49,1.357778431103199
2012-08-13 17:49:59,0.5156187421111571
2012-08-13 17:50:08,0.5075845015643388
2012-08-13 17:50:19,0.23617029796033126
2012-08-13 17:50:28,1.9812241698074504
2012-08-13 17:50:38,1.3028275019745368
2012-08-13 17:50:49,0.8353318710532177
2012-08-13 17:50:58,1.086979178650199
2012-08-13 17:51:09,0.7514068066932036
2012-08-13 17:51:18,0.8515073264063554
2012-08-13 17:51:28,2.7210518261929297
2012-08-13 17:51:39,0.4063037416299886
2012-08-13 17:51:48,1.0947020438295405
2012-08-13 17:51:59,1.996813317917071
2012-08-13 17:52:09,2.482111672499888
2012-08-13 17:52:18,1.6758914664801687
2012-08-13 17:52:29,1.0535773191252271
2012-08-13 17:52:38,1.9844298952006723
2012-08-13 17:52:49,0.43791679170887915
2012-08-13 17:52:59,1.8003201841891703
2012-08-13 17:53:08,0.6921613128707653
2012-08-13 17:53:19,0.9698964152025403
2012-08-13 17:53:28,0.49013989954479587
2012-08-13 17:53:39,1.6800441053107982
2012-08-13 17:53:49,0.8083476847181432
2012-08-13 17:53:58,1.1772816188308906
2012-08-13 17:54:09,1.495099688487763
2012-08-13 17:54:18,1.0058537803110061
2012-08-13 17:54:29,1.4634354469007094
2012-08-13 17:54:39,0.4377587394819596
2012-08-13 17:54:48,0.6965191837106995
2012-08-13 17:54:59,1.5691627477661065
2012-08-13 17:55:08,1.9812647302842081
2012-08-13 17:55:18,2.7775286186716266
2012-08-13 17:55:29,0.6657099151114579
2012-08-13 17:55:38,2.0669609229431924
2012-08-13 17:55:49,1.2134906576195745
2012-08-13 17:55:58,1.716937196391488
2012-08-13 17:56:08,2.9915212250233383
2012-08-13 17:56:19,3.1316267593247105
2012-08-13 17:56:28,0.8328150698691956
2012-08-13 17:56:39,1.2308399216583465
2012-08-13 17:56:49,2.1445326291388462
2012-08-13 17:56:58,0.9766359608374874
2012-08-13 17:57:09,1.0060177893919473
2012-08-13 17:57:18,0.3004912857070937
2012-08-13 17:57:29,1.3315554778958791
2012-08-13 17:57:39,0.8202766629657372
2012-08-13 17:57:48,2.369993412858022
2012-08-13 17:57:59,0.907117130435697
2012-08-13 17:58:08,0.25379225039606496
2012-08-13 17:58:19,0.6341887854333588
2012-08-13 17:58:29,2.2119504692083107
2012-08-13 17:58:38,0.46563445753566785
2012-08-13 17:58:49,0.5533086513349225
2012-08-13 17:58:58,1.4497599923476419
