time,distance
2012-08-01 17:59:00,5.0546071239191255
2012-08-01 17:58:49,8.86079859077492
2012-08-01 17:58:40,14.497100337244571
2012-08-01 17:58:29,20.009308536211332
2012-08-01 17:58:19,29.098195152314986
2012-08-01 17:58:10,34.59899287316151
2012-08-01 17:57:59,38.467290734844724
2012-08-01 17:57:50,41.73484011626648
2012-08-01 17:57:40,50.00426943908104
2012-08-01 17:57:29,55.466578937711084
2012-08-01 17:57:20,64.75540926860404
2012-08-01 17:57:09,66.52528311532129
2012-08-01 17:57:00,69.81152710321395
2012-08-01 17:56:50,73.14036870571407
2012-08-01 17:56:39,76.71109994123353
2012-08-01 17:56:30,77.4279113226001
2012-08-01 17:56:19,82.82229806474483
2012-08-01 17:56:10,84.47345574049207
2012-08-01 17:56:00,86.45726577419973
2012-08-01 17:55:49,87.2413121936856
2012-08-01 17:55:40,90.7034406380286
2012-08-01 17:55:29,91.33545056468088
2012-08-01 17:55:20,95.03472854149965
2012-08-01 17:55:10,97.96101128873369
2012-08-01 17:54:59,103.93624411824919
2012-08-01 17:54:50,108.97193169921027
2012-08-01 17:54:39,110.91625284661971
2012-08-01 17:54:29,116.31003827121921
2012-08-01 17:54:20,118.86779261173922
2012-08-01 17:54:09,122.10687029338887
2012-08-01 17:54:00,126.32737360113626
2012-08-01 17:53:49,129.19446589961606
2012-08-01 17:53:39,133.33139555465792
2012-08-01 17:53:30,142.02859335122162
2012-08-01 17:53:19,145.868043119948
2012-08-01 17:53:10,147.95426492255643
2012-08-01 17:53:00,150.2286201059356
2012-08-01 17:52:49,151.78771655167623
2012-08-01 17:52:40,156.81898624945492
2012-08-01 17:52:29,161.79466634244122
2012-08-01 17:52:20,163.52601123857556
2012-08-01 17:52:10,167.85102192002154
2012-08-01 17:51:59,170.93087354587124
2012-08-01 17:51:50,171.9462374405416
2012-08-01 17:51:39,175.34702984339103
2012-08-01 17:51:30,176.50266605771043
2012-08-01 17:51:20,178.02436457980767
2012-08-01 17:51:09,179.44835523065652
2012-08-01 17:51:00,183.7792388133594
2012-08-01 17:50:49,185.20119953536167
2012-08-01 17:50:39,190.09634626858167
2012-08-01 17:50:30,197.27433940966662
2012-08-01 17:50:19,205.1680963519614
2012-08-01 17:50:10,209.13451506806567
2012-08-01 17:49:59,214.25725854258167
2012-08-01 17:49:49,214.99288610809472
2012-08-01 17:49:40,219.36155262487
2012-08-01 17:49:29,220.80763247501798
2012-08-01 17:49:20,226.3221354386861
2012-08-01 17:49:09,230.03318970984023
2012-08-01 17:48:59,236.99204949092072
2012-08-01 17:48:50,245.27090104162642
2012-08-01 17:48:39,251.79880120014613
2012-08-01 17:48:30,257.51721183787555
2012-08-01 17:48:20,263.74585802513735
2012-08-01 17:48:09,271.40776652705216
2012-08-01 17:48:00,272.99107085489226
2012-08-01 17:47:49,274.57437518273235
2012-08-01 17:47:40,279.33812570038725
2012-08-01 17:47:30,282.3213790848038
2012-08-01 17:47:19,286.6915919177514
2012-08-01 17:47:10,291.1275875000094
2012-08-01 17:46:59,295.1653590649373
2012-08-01 17:46:50,297.38466104593056
2012-08-01 17:46:40,304.91624355381754
2012-08-01 17:46:29,306.5640799706662
2012-08-01 17:46:20,308.5944915113776
2012-08-01 17:46:09,312.2019135931793
2012-08-01 17:45:59,314.20724993425955
2012-08-01 17:45:50,317.7921966863035
2012-08-01 17:45:39,321.0118545216935
2012-08-01 17:45:30,324.2315123570739
2012-08-01 17:45:19,326.5060400440662
2012-08-01 17:45:09,328.86852867009077
2012-08-01 17:45:00,331.2310172961135
2012-08-01 17:44:49,331.5513529129762
2012-08-01 17:44:40,333.2104165880202
2012-08-01 17:44:29,336.7058011141539
2012-08-01 17:44:19,338.3938900926067
2012-08-01 17:44:10,340.72417615602234
2012-08-01 17:43:59,342.30512448822475
2012-08-01 17:43:50,347.82849741138676
2012-08-01 17:43:40,356.1495896880297
2012-08-01 17:43:29,359.90417199300214
2012-08-01 17:43:20,368.56705472200736
2012-08-01 17:43:09,371.4021244484402
2012-08-01 17:43:00,376.4949570556064
2012-08-01 17:42:50,379.18127637286375
2012-08-01 17:42:39,380.39727864310163
2012-08-01 17:42:30,388.4223715485049
2012-08-01 17:42:19,390.23514883816705
2012-08-01 17:42:10,392.73651559020595
2012-08-01 17:42:00,395.51449226975114
2012-08-01 17:41:49,397.1612241791937
2012-08-01 17:41:40,402.6843804864506
2012-08-01 17:41:29,403.50982964054157
2012-08-01 17:41:19,406.3471119503215
2012-08-01 17:41:10,416.9949383237755
2012-08-01 17:40:59,423.2899477364564
2012-08-01 17:40:50,426.45821410153354
2012-08-01 17:40:39,431.75052189648557
2012-08-01 17:40:29,433.10356136971427
2012-08-01 17:40:20,439.2262248956561
2012-08-01 17:40:09,447.9854652563201
2012-08-01 17:40:00,453.44768757109347
2012-08-01 17:39:49,454.59540002319187
2012-08-01 17:39:39,460.4155828277429
2012-08-01 17:39:30,462.55949279686223
2012-08-01 17:39:19,465.50897540582065
2012-08-01 17:39:10,468.31434009671364
2012-08-01 17:39:00,470.00509865987704
2012-08-01 17:38:49,473.8187293120946
2012-08-01 17:38:40,477.7457939875491
2012-08-01 17:38:29,481.34366519202524
2012-08-01 17:38:20,484.55515338929763
2012-08-01 17:38:10,489.3278891100173
2012-08-01 17:37:59,489.6428837126157
2012-08-01 17:37:50,492.9624905088051
2012-08-01 17:37:39,497.54938285980995
2012-08-01 17:37:30,497.9735248024812
2012-08-01 17:37:20,503.7666821990664
2012-08-01 17:37:09,509.5011256383442
2012-08-01 17:37:00,513.9662458028909
2012-08-01 17:36:49,517.2697377474648
2012-08-01 17:36:39,517.9222970253118
2012-08-01 17:36:30,518.8243233194116
2012-08-01 17:36:19,522.0348404836624
2012-08-01 17:36:10,525.3808861992029
2012-08-01 17:35:59,527.4923847170436
2012-08-01 17:35:49,531.2480160884065
2012-08-01 17:35:40,533.4799188889345
2012-08-01 17:35:29,535.3283244126064
2012-08-01 17:35:20,538.4948303976969
2012-08-01 17:35:10,539.0101682711728
2012-08-01 17:34:59,543.1081164451423
2012-08-01 17:34:50,549.2094283757029
2012-08-01 17:34:39,551.7379374780935
2012-08-01 17:34:30,553.7260098230926
2012-08-01 17:34:20,561.288001371069
2012-08-01 17:34:09,570.2758015786833
2012-08-01 17:34:00,579.8989301081145
2012-08-01 17:33:49,586.2709587855634
2012-08-01 17:33:40,603.6573376310108
2012-08-01 17:33:30,614.3955430460699
2012-08-01 17:33:19,616.7373097109846
2012-08-01 17:33:10,619.6656925557162
2012-08-01 17:32:59,628.8538668914223
2012-08-01 17:32:50,640.4571966964838
2012-08-01 17:32:40,653.689332272596
2012-08-01 17:32:29,655.5734942267264
2012-08-01 17:32:20,656.1701960273161
2012-08-01 17:32:09,656.863615504212
2012-08-01 17:31:59,658.1275858694813
2012-08-01 17:31:50,659.2345484503198
2012-08-01 17:31:39,665.5067207934374
2012-08-01 17:31:30,673.5950957789585
2012-08-01 17:31:19,679.3632516781256
2012-08-01 17:31:09,685.713703061404
2012-08-01 17:31:00,692.8255117270638
2012-08-01 17:30:49,697.6043777767024
2012-08-01 17:30:40,699.1193252111889
2012-08-01 17:30:30,702.1842309813646
2012-08-01 17:30:19,709.5293031957999
2012-08-01 17:30:10,713.4791078907299
2012-08-01 17:29:59,719.6782756148758
2012-08-01 17:29:50,725.4145190877936
2012-08-01 17:29:40,727.2089092889972
2012-08-01 17:29:29,728.5416396737076
2012-08-01 17:29:20,733.6883272177487
2012-08-01 17:29:09,741.4480105328328
2012-08-01 17:29:00,743.8979337864412
2012-08-01 17:28:50,751.5578536948665
2012-08-01 17:28:39,767.5675087273122
2012-08-01 17:28:30,779.4808209335039
2012-08-01 17:28:19,789.0405635577432
2012-08-01 17:28:09,798.6699372169235
2012-08-01 17:28:00,808.6706589672914
2012-08-01 17:27:49,815.4400086534536
2012-08-01 17:27:40,821.9118205195659
2012-08-01 17:27:29,831.2208506683706
2012-08-01 17:27:19,837.8036331557635
2012-08-01 17:27:10,843.6168326002227
2012-08-01 17:26:59,847.2093563394701
2012-08-01 17:26:50,860.3052690065214
2012-08-01 17:26:39,866.0381144164905
2012-08-01 17:26:29,871.6841411815664
2012-08-01 17:26:20,872.3781751596409
2012-08-01 17:26:09,876.2120268909987
2012-08-01 17:26:00,884.5001112839581
2012-08-01 17:25:50,892.3992559150005
2012-08-01 17:25:39,897.6966381397589
2012-08-01 17:25:30,904.5189808831425
2012-08-01 17:25:19,907.7786119627224
2012-08-01 17:25:10,914.0019450243642
2012-08-01 17:25:00,933.3981893382004
2012-08-01 17:24:49,937.533592501441
2012-08-01 17:24:40,938.2239962054409
2012-08-01 17:24:29,939.6639496673181
2012-08-01 17:24:20,944.3087541017168
2012-08-01 17:24:10,944.6521286979171
2012-08-01 17:23:59,950.521858228188
2012-08-01 17:23:50,952.3686261900125
2012-08-01 17:23:39,958.1494413958287
2012-08-01 17:23:29,963.3768455333991
2012-08-01 17:23:20,971.2608023495792
2012-08-01 17:23:09,978.1827599897339
2012-08-01 17:23:00,988.9224477653482
2012-08-01 17:22:49,995.6281318678375
2012-08-01 17:22:39,1007.1361498241083
2012-08-01 17:22:30,1016.3521795050048
2012-08-01 17:22:19,1024.2586269012643
2012-08-01 17:22:10,1033.2252042706755
2012-08-01 17:21:59,1042.3916094813123
2012-08-01 17:21:49,1051.9690457090915
2012-08-01 17:21:40,1058.8169982154373
2012-08-01 17:21:29,1065.028269276275
2012-08-01 17:21:20,1072.3997005909766
2012-08-01 17:21:10,1078.4854706545236
2012-08-01 17:20:59,1087.0640530913433
2012-08-01 17:20:50,1097.3092159631071
2012-08-01 17:20:39,1105.9678191423627
2012-08-01 17:20:30,1113.0296161577564
2012-08-01 17:20:20,1120.3516616389152
2012-08-01 17:20:09,1120.7512315749054
2012-08-01 17:20:00,1122.1904762573372
2012-08-01 17:19:49,1132.8092551241077
2012-08-01 17:19:40,1142.5898097788172
2012-08-01 17:19:30,1153.61019009598
2012-08-01 17:19:19,1161.1771693546464
2012-08-01 17:19:10,1166.0490860580812
2012-08-01 17:18:59,1171.1724637840812
2012-08-01 17:18:49,1173.3195638501093
2012-08-01 17:18:40,1182.678156492637
2012-08-01 17:18:29,1191.4665916018598
2012-08-01 17:18:20,1201.8896149827558
2012-08-01 17:18:09,1205.2475928623526
2012-08-01 17:17:59,1211.1109100247888
2012-08-01 17:17:50,1216.033616319371
2012-08-01 17:17:39,1219.5774170315485
2012-08-01 17:17:30,1221.2589226050138
2012-08-01 17:17:19,1226.25007762771
2012-08-01 17:17:09,1233.1772073028953
2012-08-01 17:17:00,1242.9325163616984
2012-08-01 17:16:49,1255.850222467869
2012-08-01 17:16:40,1264.7613032794238
2012-08-01 17:16:30,1272.8606607860468
2012-08-01 17:16:19,1282.9918005111597
2012-08-01 17:16:10,1290.7357432206638
2012-08-01 17:15:59,1297.8220590954986
2012-08-01 17:15:50,1307.9332840078728
2012-08-01 17:15:40,1319.6576823964708
2012-08-01 17:15:29,1328.1483222064871
2012-08-01 17:15:20,1336.6367210990556
2012-08-01 17:15:09,1343.5034700873225
2012-08-01 17:15:00,1351.0824984187245
2012-08-01 17:14:50,1358.9157456079095
2012-08-01 17:14:39,1365.9583427400403
2012-08-01 17:14:30,1372.935994132425
2012-08-01 17:14:19,1379.5551430453716
2012-08-01 17:14:09,1387.737193898305
2012-08-01 17:14:00,1395.7934885845355
2012-08-01 17:13:49,1403.6974624671966
2012-08-01 17:13:40,1410.3969696995284
2012-08-01 17:13:29,1416.9480735787404
2012-08-01 17:13:19,1424.9546736692091
2012-08-01 17:13:10,1432.4427742747255
2012-08-01 17:12:59,1439.0718172616087
2012-08-01 17:12:50,1445.9036247038687
2012-08-01 17:12:40,1453.5345892645153
2012-08-01 17:12:29,1461.17968047746
2012-08-01 17:12:20,1468.9808563728823
2012-08-01 17:12:09,1477.149005071705
2012-08-01 17:12:00,1480.6483786517406
2012-08-01 17:11:50,1491.6057778905104
2012-08-01 17:11:39,1497.0301824911628
2012-08-01 17:11:30,1505.1323887429503
2012-08-01 17:11:19,1513.5421571408237
2012-08-01 17:11:10,1519.733068430149
2012-08-01 17:11:00,1523.5567512119126
2012-08-01 17:10:49,1528.710293210358
2012-08-01 17:10:40,1534.5021573078975
2012-08-01 17:10:29,1541.3471633861684
2012-08-01 17:10:20,1544.9192275142614
2012-08-01 17:10:10,1550.2944897404573
2012-08-01 17:09:59,1557.4459497583143
2012-08-01 17:09:50,1558.691886846447
2012-08-01 17:09:39,1561.3428058462569
2012-08-01 17:09:29,1562.4563223173132
2012-08-01 17:09:20,1564.6115510517707
2012-08-01 17:09:09,1569.2751049355522
2012-08-01 17:09:00,1575.6457187672531
2012-08-01 17:08:49,1575.8585025234445
2012-08-01 17:08:39,1579.1993800050668
2012-08-01 17:08:30,1581.5153173589968
2012-08-01 17:08:19,1582.623785419851
2012-08-01 17:08:10,1584.7108694268377
2012-08-01 17:08:00,1586.032266143704
2012-08-01 17:07:49,1587.5397540347028
2012-08-01 17:07:40,1589.9684221520142
2012-08-01 17:07:29,1590.5954920737893
2012-08-01 17:07:20,1591.9187186640565
2012-08-01 17:07:10,1593.5863089349464
2012-08-01 17:06:59,1594.4668281716258
2012-08-01 17:06:50,1595.1742134690337
2012-08-01 17:06:39,1602.4018124189686
2012-08-01 17:06:30,1603.1551949195073
2012-08-01 17:06:20,1603.6080541380406
2012-08-01 17:06:09,1605.8239527786768
2012-08-01 17:06:00,1607.673031818265
2012-08-01 17:05:49,1609.2466327802917
2012-08-01 17:05:39,1611.395184968269
2012-08-01 17:05:30,1614.456044660364
2012-08-01 17:05:19,1619.8814885285235
2012-08-01 17:05:10,1622.3756665357214
2012-08-01 17:04:59,1624.9072374692364
2012-08-01 17:04:49,1627.8852792174432
2012-08-01 17:04:40,1628.4328092457213
2012-08-01 17:04:29,1628.9197730832086
2012-08-01 17:04:20,1629.6282213754653
2012-08-01 17:04:09,1638.7567952729237
2012-08-01 17:03:59,1640.6724041596394
2012-08-01 17:03:50,1646.7952145458585
2012-08-01 17:03:39,1654.6327970675268
2012-08-01 17:03:30,1659.4013035440946
2012-08-01 17:03:20,1674.947898209545
2012-08-01 17:03:09,1681.5458149991357
2012-08-01 17:03:00,1689.4603687729737
2012-08-01 17:02:49,1701.2022458567
2012-08-01 17:02:40,1709.9701899632416
2012-08-01 17:02:30,1717.0990366817707
2012-08-01 17:02:19,1718.1837303046022
2012-08-01 17:02:10,1719.7812619253189
2012-08-01 17:01:59,1721.0241244693905
2012-08-01 17:01:50,1723.2057365822611
2012-08-01 17:01:40,1724.640614041193
2012-08-01 17:01:29,1726.360209556306
2012-08-01 17:01:20,1731.0416172272912
2012-08-01 17:01:09,1734.6612778214544
2012-08-01 17:00:59,1736.7062303897233
2012-08-01 17:00:50,1739.0037438146537
2012-08-01 17:00:39,1742.8108259034295
2012-08-01 17:00:30,1749.0841544133054
2012-08-01 17:00:19,1753.9598110297088
2012-08-01 17:00:09,1757.2182358583536
2012-08-01 17:00:00,1763.0744032797786
2012-08-01 16:59:49,1769.8184353883432
2012-08-01 16:59:40,1775.856717916706
2012-08-01 16:59:29,1780.3128411443531
2012-08-01 16:59:19,1786.713802645725
2012-08-01 16:59:10,1792.5433295353944
2012-08-01 16:58:59,1795.0600094585916
2012-08-01 16:58:50,1796.5312751565964
2012-08-01 16:58:40,1802.101938797998
2012-08-01 16:58:29,1810.1487465736366
2012-08-01 16:58:20,1814.270821395703
2012-08-01 16:58:09,1817.4289298139377
2012-08-01 16:58:00,1828.9177394160313
2012-08-01 16:57:50,1835.3479367358734
2012-08-01 16:57:39,1841.4865742375669
2012-08-01 16:57:30,1843.6011199051034
2012-08-01 16:57:19,1844.8436469384283
2012-08-01 16:57:10,1846.7752925917032
2012-08-01 16:57:00,1847.6382816194546
2012-08-01 16:56:49,1848.8775836644995
2012-08-01 16:56:40,1849.9548945618735
2012-08-01 16:56:29,1851.2128981438784
2012-08-01 16:56:19,1852.8579991563693
2012-08-01 16:56:10,1856.7730792086008
2012-08-01 16:55:59,1858.7203220913316
2012-08-01 16:55:50,1860.667840470367
2012-08-01 16:55:39,1862.9579365283137
2012-08-01 16:55:29,1863.5699549779868
2012-08-01 16:55:20,1865.6429105232519
2012-08-01 16:55:09,1867.7523667561852
2012-08-01 16:55:00,1871.1323059577317
2012-08-01 16:54:49,1873.3675364235226
2012-08-01 16:54:39,1875.9065286327032
2012-08-01 16:54:30,1880.3085011711737
2012-08-01 16:54:19,1881.498643574698
2012-08-01 16:54:10,1889.6921715100518
2012-08-01 16:54:00,1892.1118669383097
2012-08-01 16:53:49,1898.7274364049863
2012-08-01 16:53:40,1899.8772609769196
2012-08-01 16:53:29,1905.3975224449537
2012-08-01 16:53:20,1906.925273625867
2012-08-01 16:53:10,1910.2459339627917
2012-08-01 16:52:59,1918.2609108365411
2012-08-01 16:52:50,1927.196420921586
2012-08-01 16:52:39,1932.265969540652
2012-08-01 16:52:30,1937.5369664839181
2012-08-01 16:52:20,1942.9574065736572
2012-08-01 16:52:09,1947.5248489636583
2012-08-01 16:52:00,1950.018941058677
2012-08-01 16:51:49,1950.475047095827
2012-08-01 16:51:39,1951.7810302501694
2012-08-01 16:51:30,1954.278132387643
2012-08-01 16:51:19,1955.1784326572122
2012-08-01 16:51:10,1957.10985874754
2012-08-01 16:50:59,1961.6194966973615
2012-08-01 16:50:49,1967.1588013050691
2012-08-01 16:50:40,1969.7426220597692
2012-08-01 16:50:29,1972.3348118815736
2012-08-01 16:50:20,1975.219093812231
2012-08-01 16:50:10,1980.9424700750917
2012-08-01 16:49:59,1988.198373402064
2012-08-01 16:49:50,1989.244216546476
2012-08-01 16:49:39,1993.6365660001127
2012-08-01 16:49:30,1995.1858754421605
2012-08-01 16:49:20,1998.688272295434
2012-08-01 16:49:09,2000.309451000671
2012-08-01 16:49:00,2001.9351442332443
2012-08-01 16:48:49,2006.198900112067
2012-08-01 16:48:40,2010.1602598275979
2012-08-01 16:48:30,2012.9683594566711
2012-08-01 16:48:19,2017.6143905713157
2012-08-01 16:48:10,2019.943730431111
2012-08-01 16:47:59,2026.9903028709848
2012-08-01 16:47:50,2028.7730752732812
2012-08-01 16:47:40,2031.4861350618269
2012-08-01 16:47:29,2034.3344678296385
2012-08-01 16:47:20,2036.7643303649663
2012-08-01 16:47:09,2039.407785271002
2012-08-01 16:46:59,2042.0932419362773
2012-08-01 16:46:50,2043.4905084292159
2012-08-01 16:46:39,2044.9815813019002
2012-08-01 16:46:30,2049.3330863139395
2012-08-01 16:46:19,2053.609451789995
2012-08-01 16:46:09,2055.358973290025
2012-08-01 16:46:00,2057.375831188592
2012-08-01 16:45:49,2064.5239520173463
2012-08-01 16:45:40,2068.253630874757
2012-08-01 16:45:30,2071.0977979997465
2012-08-01 16:45:19,2076.186428232561
2012-08-01 16:45:10,2083.804865796231
2012-08-01 16:44:59,2085.3710679582937
2012-08-01 16:44:50,2087.205066516282
2012-08-01 16:44:40,2091.9511898021387
2012-08-01 16:44:29,2093.186918366337
2012-08-01 16:44:20,2100.2450162263663
2012-08-01 16:44:09,2114.1640906847356
2012-08-01 16:44:00,2116.637554607581
2012-08-01 16:43:50,2117.6420586824893
2012-08-01 16:43:39,2118.806139273909
2012-08-01 16:43:30,2121.397105725562
2012-08-01 16:43:19,2125.0827885509907
2012-08-01 16:43:09,2129.0462321409423
2012-08-01 16:43:00,2130.7715478337213
2012-08-01 16:42:49,2137.3727425325246
2012-08-01 16:42:40,2139.659915320889
2012-08-01 16:42:29,2141.9139256977346
2012-08-01 16:42:19,2144.8883020999224
2012-08-01 16:42:10,2147.796206000944
2012-08-01 16:41:59,2151.288516485514
2012-08-01 16:41:50,2154.8199123073305
2012-08-01 16:41:39,2156.442338538245
2012-08-01 16:41:29,2159.609014344454
2012-08-01 16:41:20,2164.381409158868
2012-08-01 16:41:09,2164.8472707883802
2012-08-01 16:41:00,2165.947581658085
2012-08-01 16:40:50,2170.393030596785
2012-08-01 16:40:39,2174.2637127820935
2012-08-01 16:40:30,2177.9653888238536
2012-08-01 16:40:19,2181.589407336352
2012-08-01 16:40:10,2186.5821702349444
2012-08-01 16:40:00,2191.3689783190284
2012-08-01 16:39:49,2193.7447962468677
2012-08-01 16:39:40,2196.6044931120227
2012-08-01 16:39:29,2199.511330302263
2012-08-01 16:39:20,2201.0498956660813
2012-08-01 16:39:10,2201.806330788409
2012-08-01 16:38:59,2202.7233620114416
2012-08-01 16:38:50,2203.398130488807
2012-08-01 16:38:39,2207.6533700705154
2012-08-01 16:38:29,2210.1178750977097
2012-08-01 16:38:20,2213.3303402342685
2012-08-01 16:38:09,2217.888082860699
2012-08-01 16:38:00,2221.125704538582
2012-08-01 16:37:49,2226.7828858529583
2012-08-01 16:37:39,2230.4573892659027
2012-08-01 16:37:30,2231.819455999047
2012-08-01 16:37:19,2240.1593000761936
2012-08-01 16:37:10,2251.467764377445
2012-08-01 16:36:59,2257.1802389161767
2012-08-01 16:36:49,2259.877348596455
2012-08-01 16:36:40,2260.29625081536
2012-08-01 16:36:29,2260.468887358766
2012-08-01 16:36:20,2260.9366713240233
2012-08-01 16:36:10,2261.2471146666367
2012-08-01 16:35:59,2261.7728942853237
2012-08-01 16:35:50,2262.3856966502744
2012-08-01 16:35:39,2262.631841498907
2012-08-01 16:35:30,2263.1178761802807
2012-08-01 16:35:20,2264.956040616388
2012-08-01 16:35:09,2265.189846576676
2012-08-01 16:35:00,2266.446022632208
2012-08-01 16:34:49,2270.731497764525
2012-08-01 16:34:40,2271.330563790728
2012-08-01 16:34:30,2271.89770655858
2012-08-01 16:34:19,2272.787287485637
2012-08-01 16:34:10,2273.401286415535
2012-08-01 16:33:59,2273.927729287794
2012-08-01 16:33:49,2274.7331502278703
2012-08-01 16:33:40,2275.4708641080415
2012-08-01 16:33:29,2276.6401977650244
2012-08-01 16:33:20,2277.0152483177194
2012-08-01 16:33:09,2277.2499037162715
2012-08-01 16:32:59,2277.5883706601003
2012-08-01 16:32:50,2277.905006125731
2012-08-01 16:32:39,2279.082703050389
2012-08-01 16:32:30,2280.0622051677747
2012-08-01 16:32:19,2281.0967062022205
2012-08-01 16:32:09,2282.3450756431102
2012-08-01 16:32:00,2283.1449391256347
2012-08-01 16:31:49,2283.563841343833
2012-08-01 16:31:40,2283.697030827427
2012-08-01 16:31:30,2284.000902826736
2012-08-01 16:31:19,2284.747060385799
2012-08-01 16:31:10,2286.004773043834
2012-08-01 16:30:59,2288.7750047398026
2012-08-01 16:30:50,2290.156986650478
2012-08-01 16:30:40,2291.7260537167585
2012-08-01 16:30:29,2293.611255362999
2012-08-01 16:30:20,2297.582333602725
2012-08-01 16:30:09,2299.7747366246995
2012-08-01 16:30:00,2300.6055154367205
2012-08-01 16:29:50,2302.0591537828354
2012-08-01 16:29:39,2306.0839496640774
2012-08-01 16:29:30,2307.279288882227
2012-08-01 16:29:19,2309.846639829128
2012-08-01 16:29:09,2311.6127078456643
2012-08-01 16:29:00,2314.626030819068
2012-08-01 16:28:49,2315.2249252356073
2012-08-01 16:28:40,2319.875892179612
2012-08-01 16:28:29,2320.9425552383905
2012-08-01 16:28:19,2323.7130613334175
2012-08-01 16:28:10,2324.3756200948014
2012-08-01 16:27:59,2325.927259578642
2012-08-01 16:27:50,2327.7933718790396
2012-08-01 16:27:40,2328.177605791968
2012-08-01 16:27:29,2332.4555526549975
2012-08-01 16:27:20,2334.4259716450388
2012-08-01 16:27:09,2336.4768249185668
2012-08-01 16:27:00,2338.160271768426
2012-08-01 16:26:50,2340.801232691139
2012-08-01 16:26:39,2346.687582715826
2012-08-01 16:26:30,2347.410089507772
2012-08-01 16:26:19,2349.989905793214
2012-08-01 16:26:10,2351.17235593218
2012-08-01 16:26:00,2352.683954124284
2012-08-01 16:25:49,2353.9194175339458
2012-08-01 16:25:40,2355.2317486707243
2012-08-01 16:25:29,2357.5734030249787
2012-08-01 16:25:20,2359.5285752646478
2012-08-01 16:25:10,2360.9100263081114
2012-08-01 16:24:59,2362.134017407041
2012-08-01 16:24:50,2363.052067464049
2012-08-01 16:24:39,2364.157142365834
2012-08-01 16:24:29,2366.7273333916874
2012-08-01 16:24:20,2366.871260253093
2012-08-01 16:24:09,2367.981715695946
2012-08-01 16:24:00,2369.3353294284343
2012-08-01 16:23:49,2369.856162722792
2012-08-01 16:23:39,2373.780463743306
2012-08-01 16:23:30,2374.8246990677244
2012-08-01 16:23:19,2375.987947472746
2012-08-01 16:23:10,2377.129752879992
2012-08-01 16:23:00,2380.388212847331
2012-08-01 16:22:49,2381.001666636218
2012-08-01 16:22:40,2382.286191205736
2012-08-01 16:22:29,2383.861769853338
2012-08-01 16:22:20,2384.487412727024
2012-08-01 16:22:10,2385.506860062115
2012-08-01 16:21:59,2386.403211673917
2012-08-01 16:21:50,2389.9303628878215
2012-08-01 16:21:39,2390.7883688577813
2012-08-01 16:21:30,2393.910879273247
2012-08-01 16:21:20,2395.0590755526355
2012-08-01 16:21:09,2396.083334887302
2012-08-01 16:21:00,2396.8660502285475
2012-08-01 16:20:49,2397.277741993458
2012-08-01 16:20:39,2398.202855229558
2012-08-01 16:20:30,2398.8256655193995
2012-08-01 16:20:19,2405.4264546552554
2012-08-01 16:20:10,2410.5083044350768
2012-08-01 16:19:59,2412.432791418491
2012-08-01 16:19:49,2413.0424753783236
2012-08-01 16:19:40,2413.4965634591267
2012-08-01 16:19:29,2416.335199821713
2012-08-01 16:19:20,2425.6289135229345
2012-08-01 16:19:09,2427.8338119904265
2012-08-01 16:18:59,2428.4149907195506
2012-08-01 16:18:50,2428.9967348307573
2012-08-01 16:18:39,2429.722976560345
2012-08-01 16:18:30,2432.4113488994476
2012-08-01 16:18:20,2434.1308896989763
2012-08-01 16:18:09,2437.484567213808
2012-08-01 16:18:00,2443.2049101378057
2012-08-01 16:17:49,2444.28463539464
2012-08-01 16:17:40,2446.777671707828
2012-08-01 16:17:30,2447.641019172347
2012-08-01 16:17:19,2449.324522693388
2012-08-01 16:17:10,2449.5980329345207
2012-08-01 16:16:59,2449.9435574646454
2012-08-01 16:16:50,2450.8159743418705
2012-08-01 16:16:40,2451.3027535510964
2012-08-01 16:16:29,2451.7049700641846
2012-08-01 16:16:20,2452.5311131011717
2012-08-01 16:16:09,2454.885621194353
2012-08-01 16:15:59,2456.1039647873245
2012-08-01 16:15:50,2458.5793943116787
2012-08-01 16:15:39,2458.8310968481555
2012-08-01 16:15:30,2463.345873453554
2012-08-01 16:15:19,2465.076777780015
2012-08-01 16:15:09,2466.5222528173945
2012-08-01 16:15:00,2468.8087643706926
2012-08-01 16:14:49,2469.9896097516425
2012-08-01 16:14:40,2471.5141386173905
2012-08-01 16:14:29,2472.004060964381
2012-08-01 16:14:19,2472.218917750222
2012-08-01 16:14:10,2472.2753289032266
2012-08-01 16:13:59,2472.529958662562
2012-08-01 16:13:50,2473.645219418004
2012-08-01 16:13:40,2474.4742503746706
2012-08-01 16:13:29,2475.2202554850955
2012-08-01 16:13:20,2476.9081040556157
2012-08-01 16:13:09,2480.4538157446696
2012-08-01 16:13:00,2481.178915600302
2012-08-01 16:12:50,2482.1929219574913
2012-08-01 16:12:39,2484.262473994707
2012-08-01 16:12:30,2487.8903347169226
2012-08-01 16:12:19,2489.310579657385
2012-08-01 16:12:10,2489.559340606435
2012-08-01 16:12:00,2493.1244887299003
2012-08-01 16:11:49,2494.2802776166463
2012-08-01 16:11:40,2500.836307228869
2012-08-01 16:11:29,2501.689111807649
2012-08-01 16:11:19,2503.38458946519
2012-08-01 16:11:10,2506.086966758992
2012-08-01 16:10:59,2509.549245804405
2012-08-01 16:10:50,2510.34290831726
2012-08-01 16:10:39,2512.5040396261193
2012-08-01 16:10:29,2515.912929066019
2012-08-01 16:10:20,2519.443280240344
2012-08-01 16:10:09,2520.0288594923977
2012-08-01 16:10:00,2521.3952797693755
2012-08-01 16:09:49,2522.699832571741
2012-08-01 16:09:39,2523.213642362786
2012-08-01 16:09:30,2524.086629218292
2012-08-01 16:09:19,2524.706279810946
2012-08-01 16:09:10,2525.6512587163324
2012-08-01 16:09:00,2526.9557165008187
2012-08-01 16:08:49,2531.65011910548
2012-08-01 16:08:40,2538.053249770386
2012-08-01 16:08:29,2544.78643407871
2012-08-01 16:08:20,2547.9290923746553
2012-08-01 16:08:10,2549.221189546822
2012-08-01 16:07:59,2549.7140434423986
2012-08-01 16:07:50,2550.0723239536287
2012-08-01 16:07:39,2552.2329542783946
2012-08-01 16:07:30,2552.288389699438
2012-08-01 16:07:20,2552.832985645037
2012-08-01 16:07:09,2553.4524958938705
2012-08-01 16:07:00,2555.56782769348
2012-08-01 16:06:49,2557.1518858426625
2012-08-01 16:06:39,2559.108963251698
2012-08-01 16:06:30,2559.378245672471
2012-08-01 16:06:19,2560.0998918682567
2012-08-01 16:06:10,2560.714859417676
2012-08-01 16:05:59,2560.9836324046205
2012-08-01 16:05:49,2561.44949380994
2012-08-01 16:05:40,2561.908405327116
2012-08-01 16:05:29,2564.376294538363
2012-08-01 16:05:20,2566.6078806482633
2012-08-01 16:05:10,2567.560982328308
2012-08-01 16:04:59,2572.4721330868615
2012-08-01 16:04:50,2575.4611537521937
2012-08-01 16:04:39,2575.8769783323037
2012-08-01 16:04:30,2576.6146070627265
2012-08-01 16:04:20,2577.013342577234
2012-08-01 16:04:09,2577.3217136073063
2012-08-01 16:04:00,2577.6515608462614
2012-08-01 16:03:49,2577.918928837968
2012-08-01 16:03:40,2579.4103085234738
2012-08-01 16:03:30,2581.7405824291345
2012-08-01 16:03:19,2582.567248457932
2012-08-01 16:03:10,2583.8676531276733
2012-08-01 16:02:59,2584.7127316543883
2012-08-01 16:02:50,2585.2389715615996
2012-08-01 16:02:40,2587.0550414593754
2012-08-01 16:02:29,2587.3447522024517
2012-08-01 16:02:20,2588.5628627892484
2012-08-01 16:02:09,2589.883056284218
2012-08-01 16:01:59,2595.6939280998326
2012-08-01 16:01:50,2598.801946787091
2012-08-01 16:01:39,2599.2889099003683
2012-08-01 16:01:30,2599.5726423952856
2012-08-01 16:01:19,2599.64301690422
2012-08-01 16:01:09,2601.3760763236983
2012-08-01 16:01:00,2604.0432179943873
2012-08-01 16:00:49,2604.83485318965
2012-08-01 16:00:40,2605.9275768393622
2012-08-01 16:00:30,2606.3692166368564
2012-08-01 16:00:19,2608.507059332077
2012-08-01 16:00:10,2612.1984427756943
2012-08-01 15:59:59,2612.6090294265696
2012-08-01 15:59:50,2614.2201856077586
2012-08-01 15:59:40,2616.8779123723734
2012-08-01 15:59:29,2621.094076973867
2012-08-01 15:59:20,2622.0589144978203
2012-08-01 15:59:09,2623.841895612618
2012-08-01 15:59:00,2627.4361721159803
2012-08-01 15:58:50,2633.1326443655357
2012-08-01 15:58:39,2636.1983612450654
2012-08-01 15:58:30,2637.446488813324
2012-08-01 15:58:19,2640.2747804749583
2012-08-01 15:58:09,2647.0601561110802
2012-08-01 15:58:00,2647.9311684937543
2012-08-01 15:57:49,2649.294804739956
2012-08-01 15:57:40,2650.2943591750386
2012-08-01 15:57:29,2650.6411228070865
2012-08-01 15:57:19,2651.138254346584
2012-08-01 15:57:10,2651.478820317056
2012-08-01 15:56:59,2652.505807435567
2012-08-01 15:56:50,2653.253215765015
2012-08-01 15:56:39,2654.0416201826383
2012-08-01 15:56:29,2656.0324994668845
2012-08-01 15:56:20,2659.6251602904817
2012-08-01 15:56:09,2662.932348904736
2012-08-01 15:56:00,2667.71670421633
2012-08-01 15:55:50,2668.426849638249
2012-08-01 15:55:39,2671.35007037588
2012-08-01 15:55:30,2673.195090917412
2012-08-01 15:55:19,2675.1873638532916
2012-08-01 15:55:10,2675.7074254796153
2012-08-01 15:55:00,2676.394538945166
2012-08-01 15:54:49,2680.508982988142
2012-08-01 15:54:40,2683.011850704153
2012-08-01 15:54:29,2685.607701879954
2012-08-01 15:54:20,2685.8234344725097
2012-08-01 15:54:10,2686.6446076539355
2012-08-01 15:53:59,2686.998354215416
2012-08-01 15:53:50,2687.948630326927
2012-08-01 15:53:39,2690.347635691317
2012-08-01 15:53:29,2691.365720029744
2012-08-01 15:53:20,2693.277400938936
2012-08-01 15:53:09,2700.524963921683
2012-08-01 15:53:00,2704.0822866611265
2012-08-01 15:52:49,2706.1649348075175
2012-08-01 15:52:39,2708.998551495118
2012-08-01 15:52:30,2713.7941809106615
2012-08-01 15:52:19,2719.1894297169742
2012-08-01 15:52:10,2720.272575927377
2012-08-01 15:51:59,2723.6722877744046
2012-08-01 15:51:49,2724.77746630312
2012-08-01 15:51:40,2726.1059201224352
2012-08-01 15:51:29,2726.852077410996
2012-08-01 15:51:20,2729.0470916029303
2012-08-01 15:51:10,2734.8067493202507
2012-08-01 15:50:59,2738.331327332659
2012-08-01 15:50:50,2742.1825583107225
2012-08-01 15:50:39,2745.578717027829
2012-08-01 15:50:30,2749.455314780372
2012-08-01 15:50:20,2755.369852767115
2012-08-01 15:50:09,2759.079077403622
2012-08-01 15:50:00,2763.182166011834
2012-08-01 15:49:49,2766.1588566021455
2012-08-01 15:49:40,2768.483787343989
2012-08-01 15:49:30,2774.483464868546
2012-08-01 15:49:19,2777.426298805626
2012-08-01 15:49:10,2781.4233194322887
2012-08-01 15:48:59,2782.3178901618553
2012-08-01 15:48:49,2786.2115615255507
2012-08-01 15:48:40,2789.860238889164
2012-08-01 15:48:29,2796.7286597901357
2012-08-01 15:48:20,2798.341627297792
2012-08-01 15:48:09,2799.8086361302044
2012-08-01 15:47:59,2801.7550910004225
2012-08-01 15:47:50,2802.7645533520727
2012-08-01 15:47:39,2803.402059554046
2012-08-01 15:47:30,2803.894530486577
2012-08-01 15:47:19,2804.992442968607
2012-08-01 15:47:09,2807.9694500586143
2012-08-01 15:47:00,2808.6935366190505
2012-08-01 15:46:49,2812.599842557872
2012-08-01 15:46:40,2815.462619733321
2012-08-01 15:46:30,2819.0336746315033
2012-08-01 15:46:19,2821.442698025241
2012-08-01 15:46:10,2822.8952674823927
2012-08-01 15:45:59,2824.1250759243944
2012-08-01 15:45:50,2830.514690494639
2012-08-01 15:45:40,2835.5494764146733
2012-08-01 15:45:29,2839.6321819878176
2012-08-01 15:45:20,2840.0032345718987
2012-08-01 15:45:09,2842.1746425894285
2012-08-01 15:45:00,2842.5760094275315
2012-08-01 15:44:50,2842.889315463262
2012-08-01 15:44:39,2845.21199763701
2012-08-01 15:44:30,2845.60435321273
2012-08-01 15:44:19,2846.5318792843846
2012-08-01 15:44:09,2848.001812199546
2012-08-01 15:44:00,2851.99396102815
2012-08-01 15:43:49,2853.714739703139
2012-08-01 15:43:40,2859.0237993573273
2012-08-01 15:43:29,2861.151915676229
2012-08-01 15:43:19,2862.5991887987816
2012-08-01 15:43:10,2863.9690262297504
2012-08-01 15:42:59,2865.0218730685315
2012-08-01 15:42:50,2867.027824557682
2012-08-01 15:42:40,2869.1563228756004
2012-08-01 15:42:29,2871.105105816928
2012-08-01 15:42:20,2873.3984092494607
2012-08-01 15:42:09,2877.438179437748
2012-08-01 15:42:00,2880.406318682987
2012-08-01 15:41:50,2885.7622383992016
2012-08-01 15:41:39,2886.1991026094165
2012-08-01 15:41:30,2888.9214572097126
2012-08-01 15:41:19,2890.8564652653868
2012-08-01 15:41:10,2894.1625685846934
2012-08-01 15:41:00,2897.1348685545067
2012-08-01 15:40:49,2902.8390697605823
2012-08-01 15:40:40,2906.2772364366915
2012-08-01 15:40:29,2908.7154451086067
2012-08-01 15:40:20,2909.8062898561516
2012-08-01 15:40:10,2912.7814108809653
2012-08-01 15:39:59,2917.5345036847584
2012-08-01 15:39:50,2918.645999384949
2012-08-01 15:39:39,2920.6320041326057
2012-08-01 15:39:29,2921.9067877372786
2012-08-01 15:39:20,2923.9384738989665
2012-08-01 15:39:09,2924.432172371634
2012-08-01 15:39:00,2926.137627044832
2012-08-01 15:38:49,2929.625955216933
2012-08-01 15:38:39,2933.6483281702426
2012-08-01 15:38:30,2934.163137042291
2012-08-01 15:38:19,2935.48298778753
2012-08-01 15:38:10,2936.968011555306
2012-08-01 15:38:00,2938.701536049541
2012-08-01 15:37:49,2940.4135677991017
2012-08-01 15:37:40,2942.500779138132
2012-08-01 15:37:29,2948.141556820935
2012-08-01 15:37:20,2953.527066924543
2012-08-01 15:37:10,2954.695423394084
2012-08-01 15:36:59,2956.625975545962
2012-08-01 15:36:50,2958.1600801399086
2012-08-01 15:36:39,2960.919484839998
2012-08-01 15:36:30,2962.64496505357
2012-08-01 15:36:20,2964.4499893565
2012-08-01 15:36:09,2968.3617611114305
2012-08-01 15:36:00,2969.834683099157
2012-08-01 15:35:49,2972.055697721466
2012-08-01 15:35:39,2974.075723065117
2012-08-01 15:35:30,2975.913418451818
2012-08-01 15:35:19,2979.4660167946367
2012-08-01 15:35:10,2988.017800998237
2012-08-01 15:34:59,2995.508502535358
2012-08-01 15:34:49,3002.2763240984104
2012-08-01 15:34:40,3008.1022520786464
2012-08-01 15:34:29,3013.04963408955
2012-08-01 15:34:20,3017.6346712192585
2012-08-01 15:34:09,3018.726365614437
2012-08-01 15:33:59,3018.9269493376346
2012-08-01 15:33:50,3019.4209526681116
2012-08-01 15:33:39,3020.1380526448456
2012-08-01 15:33:30,3020.833514433715
2012-08-01 15:33:20,3021.0021554928344
2012-08-01 15:33:09,3023.345541234046
2012-08-01 15:33:00,3025.562625156872
2012-08-01 15:32:49,3026.185342032593
2012-08-01 15:32:40,3029.1762548754737
2012-08-01 15:32:30,3032.011012766792
2012-08-01 15:32:19,3034.6073923966446
2012-08-01 15:32:10,3038.184323818103
2012-08-01 15:31:59,3039.3776064193207
2012-08-01 15:31:50,3040.860529582101
2012-08-01 15:31:40,3043.47276166131
2012-08-01 15:31:29,3044.48362587791
2012-08-01 15:31:20,3046.1712806412306
2012-08-01 15:31:09,3048.090233764748
2012-08-01 15:30:59,3050.167048397298
2012-08-01 15:30:50,3051.2020444816812
2012-08-01 15:30:39,3054.824292748349
2012-08-01 15:30:30,3056.104918031156
2012-08-01 15:30:19,3060.4542585303752
2012-08-01 15:30:09,3067.2330715288017
2012-08-01 15:30:00,3071.1680919266446
2012-08-01 15:29:49,3077.971267315838
2012-08-01 15:29:40,3079.9730532267567
2012-08-01 15:29:29,3083.79030830479
2012-08-01 15:29:19,3086.7463312655946
2012-08-01 15:29:10,3090.4014383316144
2012-08-01 15:28:59,3092.889501290131
2012-08-01 15:28:50,3098.8057845514877
2012-08-01 15:28:40,3102.439327193801
2012-08-01 15:28:29,3103.3978111189394
2012-08-01 15:28:20,3104.717503015071
2012-08-01 15:28:09,3105.5583223224894
2012-08-01 15:28:00,3109.7900197017584
2012-08-01 15:27:50,3113.4587077166007
2012-08-01 15:27:39,3114.7153920843607
2012-08-01 15:27:30,3121.867956118641
2012-08-01 15:27:19,3126.3505400171634
2012-08-01 15:27:10,3130.807630841207
2012-08-01 15:27:00,3135.779927633374
2012-08-01 15:26:49,3137.07853202498
2012-08-01 15:26:40,3138.917908171827
2012-08-01 15:26:29,3140.524441395141
2012-08-01 15:26:19,3141.207237441656
2012-08-01 15:26:10,3142.665511449911
2012-08-01 15:25:59,3146.2870329528355
2012-08-01 15:25:50,3148.375312869313
2012-08-01 15:25:39,3150.304874376996
2012-08-01 15:25:29,3153.057016472608
2012-08-01 15:25:20,3158.092791741228
2012-08-01 15:25:09,3165.2319357050683
2012-08-01 15:25:00,3169.0362685187874
2012-08-01 15:24:49,3171.3127355603633
2012-08-01 15:24:39,3172.0903269159203
2012-08-01 15:24:30,3173.8444348320795
2012-08-01 15:24:19,3174.4686941700293
2012-08-01 15:24:10,3175.70869234919
2012-08-01 15:24:00,3177.1488405671685
2012-08-01 15:23:49,3178.074265625016
2012-08-01 15:23:40,3178.550377816584
2012-08-01 15:23:29,3178.6401385631984
2012-08-01 15:23:20,3179.1723626721737
2012-08-01 15:23:10,3180.0045918152928
2012-08-01 15:22:59,3181.0262258503735
2012-08-01 15:22:50,3183.9344983318033
2012-08-01 15:22:39,3186.2890472263
2012-08-01 15:22:30,3187.1920334669476
2012-08-01 15:22:20,3189.3821631671226
2012-08-01 15:22:09,3194.8486554166616
2012-08-01 15:22:00,3201.2400849684227
2012-08-01 15:21:49,3208.2310613671552
2012-08-01 15:21:39,3216.2046391850254
2012-08-01 15:21:30,3219.5863430539753
2012-08-01 15:21:19,3223.9061844417843
2012-08-01 15:21:10,3229.1658980674238
2012-08-01 15:20:59,3232.5618305647613
2012-08-01 15:20:49,3235.3649636488963
2012-08-01 15:20:40,3237.6091566811647
2012-08-01 15:20:29,3238.347590368398
2012-08-01 15:20:20,3240.5536319623857
2012-08-01 15:20:10,3241.1657359815777
2012-08-01 15:19:59,3242.5136482312473
2012-08-01 15:19:50,3243.3578335423626
2012-08-01 15:19:39,3244.7158472772576
2012-08-01 15:19:30,3245.015475642781
2012-08-01 15:19:20,3246.3729952159124
2012-08-01 15:19:09,3247.3990872157615
2012-08-01 15:19:00,3249.214643046098
2012-08-01 15:18:49,3250.748371873572
2012-08-01 15:18:40,3250.862425137426
2012-08-01 15:18:30,3251.6104894648715
2012-08-01 15:18:19,3252.110400386067
2012-08-01 15:18:10,3252.9450338293336
2012-08-01 15:17:59,3253.236172378419
2012-08-01 15:17:50,3254.706137846674
2012-08-01 15:17:40,3256.2027269744913
2012-08-01 15:17:29,3257.536455480684
2012-08-01 15:17:20,3258.340887772369
2012-08-01 15:17:09,3260.619226859465
2012-08-01 15:16:59,3261.9176750036063
2012-08-01 15:16:50,3262.524812573201
2012-08-01 15:16:39,3265.3519160243227
2012-08-01 15:16:30,3265.3871032485667
2012-08-01 15:16:19,3267.38215767901
2012-08-01 15:16:09,3268.462397092877
2012-08-01 15:16:00,3272.831193633134
2012-08-01 15:15:49,3279.2353853396194
2012-08-01 15:15:40,3280.432324531838
2012-08-01 15:15:30,3281.8824198126676
2012-08-01 15:15:19,3282.9179365525933
2012-08-01 15:15:10,3283.857921567633
2012-08-01 15:14:59,3285.98183242652
2012-08-01 15:14:50,3287.925960249777
2012-08-01 15:14:40,3290.5931383861457
2012-08-01 15:14:29,3294.730467397266
2012-08-01 15:14:20,3298.1361244665395
2012-08-01 15:14:09,3301.059505906542
2012-08-01 15:14:00,3304.2762469882723
2012-08-01 15:13:50,3306.5538198964696
2012-08-01 15:13:39,3308.8375876302034
2012-08-01 15:13:30,3316.1146172931353
2012-08-01 15:13:19,3324.017656813565
2012-08-01 15:13:09,3326.9646065791935
2012-08-01 15:13:00,3331.060607246371
2012-08-01 15:12:49,3336.076628231382
2012-08-01 15:12:40,3340.7829517603163
2012-08-01 15:12:29,3347.751076739965
2012-08-01 15:12:19,3350.050943143771
2012-08-01 15:12:10,3359.5304007411687
2012-08-01 15:11:59,3362.408420447262
2012-08-01 15:11:50,3364.229975084187
2012-08-01 15:11:39,3368.90228590281
2012-08-01 15:11:29,3372.9233725470754
2012-08-01 15:11:20,3375.9127273759
2012-08-01 15:11:09,3378.1572067361035
2012-08-01 15:11:00,3378.560089818223
2012-08-01 15:10:50,3379.1041634078533
2012-08-01 15:10:39,3384.4062526874404
2012-08-01 15:10:30,3388.729968673949
2012-08-01 15:10:19,3393.662894843259
2012-08-01 15:10:10,3396.1518348514883
2012-08-01 15:10:00,3400.2183322033643
2012-08-01 15:09:49,3405.121600250261
2012-08-01 15:09:40,3407.8046667322933
2012-08-01 15:09:29,3409.0525247409
2012-08-01 15:09:20,3409.8231686866143
2012-08-01 15:09:10,3412.566819061304
2012-08-01 15:08:59,3413.646896288414
2012-08-01 15:08:50,3416.543819997764
2012-08-01 15:08:39,3418.1748972279133
2012-08-01 15:08:29,3419.5610676520323
2012-08-01 15:08:20,3421.7541230484703
2012-08-01 15:08:09,3422.1240732390984
2012-08-01 15:08:00,3424.387613443289
2012-08-01 15:07:49,3428.140898714278
2012-08-01 15:07:39,3432.3046514372777
2012-08-01 15:07:30,3438.268450246533
2012-08-01 15:07:19,3444.114749116048
2012-08-01 15:07:10,3451.2252853644763
2012-08-01 15:06:59,3456.8161541220443
2012-08-01 15:06:49,3465.5363736051654
2012-08-01 15:06:40,3475.510634777443
2012-08-01 15:06:29,3479.199998296461
2012-08-01 15:06:20,3482.940404646171
2012-08-01 15:06:10,3485.4961749540366
2012-08-01 15:05:59,3488.7001742692396
2012-08-01 15:05:50,3491.5496252816633
2012-08-01 15:05:39,3494.2378426108185
2012-08-01 15:05:30,3498.0260694655985
2012-08-01 15:05:20,3498.4394019052766
2012-08-01 15:05:09,3498.61285472234
2012-08-01 15:05:00,3499.606052096825
2012-08-01 15:04:49,3500.6333553037034
2012-08-01 15:04:40,3501.481024651214
2012-08-01 15:04:30,3502.334169803837
2012-08-01 15:04:19,3502.933426216635
2012-08-01 15:04:10,3503.187558807782
2012-08-01 15:03:59,3504.5347310818547
2012-08-01 15:03:49,3506.0615163152434
2012-08-01 15:03:40,3509.5135669241813
2012-08-01 15:03:29,3514.908663873947
2012-08-01 15:03:20,3518.435163613374
2012-08-01 15:03:09,3522.6019331562998
2012-08-01 15:02:59,3523.4729443655046
2012-08-01 15:02:50,3524.9275308069855
2012-08-01 15:02:39,3527.8944039525786
2012-08-01 15:02:30,3530.329923218995
2012-08-01 15:02:19,3533.3445941500704
2012-08-01 15:02:09,3536.831590415911
2012-08-01 15:02:00,3541.370678978146
2012-08-01 15:01:49,3545.69705318039
2012-08-01 15:01:40,3548.4385898062546
2012-08-01 15:01:30,3550.8881003811575
2012-08-01 15:01:19,3554.142363002941
2012-08-01 15:01:10,3557.7111434792396
2012-08-01 15:00:59,3559.0084725571546
2012-08-01 15:00:50,3561.3994263257346
2012-08-01 15:00:40,3562.513492935378
2012-08-01 15:00:29,3562.9811026610096
2012-08-01 15:00:20,3564.098483310973
2012-08-01 15:00:09,3564.6879162725254
2012-08-01 15:00:00,3566.170302090615
2012-08-01 14:59:50,3567.8293919962557
2012-08-01 14:59:39,3568.427861355645
2012-08-01 14:59:30,3570.5391226386564
2012-08-01 14:59:19,3573.1064515315543
2012-08-01 14:59:09,3573.383181898436
2012-08-01 14:59:00,3574.629348307957
2012-08-01 14:58:49,3575.495372394026
2012-08-01 14:58:40,3576.0976706429915
2012-08-01 14:58:29,3577.9838004622134
2012-08-01 14:58:19,3578.216169639319
2012-08-01 14:58:10,3578.682761101101
2012-08-01 14:57:59,3579.4133223778704
2012-08-01 14:57:50,3580.64216496609
2012-08-01 14:57:40,3581.0478909068424
2012-08-01 14:57:29,3581.699195171197
2012-08-01 14:57:20,3584.713860745618
2012-08-01 14:57:09,3587.9175695954123
2012-08-01 14:57:00,3592.3041956734733
2012-08-01 14:56:50,3600.6269052588295
2012-08-01 14:56:39,3606.9761211725754
2012-08-01 14:56:30,3613.43732507653
2012-08-01 14:56:19,3619.35150550544
2012-08-01 14:56:10,3624.5654667325316
2012-08-01 14:56:00,3629.1009569662774
2012-08-01 14:55:49,3637.7390402884835
2012-08-01 14:55:40,3640.8874626417855
2012-08-01 14:55:29,3647.1983744862678
2012-08-01 14:55:20,3648.805123527963
2012-08-01 14:55:10,3655.0990943544507
2012-08-01 14:54:59,3661.459398089551
2012-08-01 14:54:50,3670.064217603668
2012-08-01 14:54:39,3675.5100273954185
2012-08-01 14:54:29,3678.0017047449755
2012-08-01 14:54:20,3679.493765049403
2012-08-01 14:54:09,3681.1633977504594
2012-08-01 14:54:00,3682.1837935744165
2012-08-01 14:53:49,3684.346841666984
2012-08-01 14:53:39,3686.2610057598913
2012-08-01 14:53:30,3687.001132399383
2012-08-01 14:53:19,3689.0387865279968
2012-08-01 14:53:10,3689.9342792664793
2012-08-01 14:53:00,3691.640569384831
2012-08-01 14:52:49,3692.340751340078
2012-08-01 14:52:40,3693.655461830337
2012-08-01 14:52:29,3694.4420014569782
2012-08-01 14:52:20,3695.057988536974
2012-08-01 14:52:10,3695.3561783938603
2012-08-01 14:51:59,3695.7667643040454
2012-08-01 14:51:50,3697.9607729084314
2012-08-01 14:51:39,3700.054714403479
2012-08-01 14:51:30,3700.7479343436053
2012-08-01 14:51:20,3701.2129982383526
2012-08-01 14:51:09,3702.276901508124
2012-08-01 14:51:00,3702.6457461941036
2012-08-01 14:50:49,3703.240731790953
2012-08-01 14:50:39,3704.986364533856
2012-08-01 14:50:30,3705.507152434504
2012-08-01 14:50:19,3707.1328415671874
2012-08-01 14:50:10,3707.756099310796
2012-08-01 14:49:59,3708.606987017981
2012-08-01 14:49:49,3709.039058184002
2012-08-01 14:49:40,3709.29748534748
2012-08-01 14:49:29,3712.2149039049154
2012-08-01 14:49:20,3713.2705936400775
2012-08-01 14:49:09,3716.2746568685125
2012-08-01 14:48:59,3720.4544758253105
2012-08-01 14:48:50,3723.8995702853535
2012-08-01 14:48:39,3725.7610953453186
2012-08-01 14:48:30,3726.126253333568
2012-08-01 14:48:20,3727.455428166858
2012-08-01 14:48:09,3728.003818196655
2012-08-01 14:48:00,3729.563640352606
2012-08-01 14:47:49,3733.6868436052323
2012-08-01 14:47:40,3735.3579431258177
2012-08-01 14:47:30,3737.6832361247075
2012-08-01 14:47:19,3738.794598385613
2012-08-01 14:47:10,3740.0857268321424
2012-08-01 14:46:59,3741.97826954438
2012-08-01 14:46:50,3743.414783959837
2012-08-01 14:46:40,3743.907404834368
2012-08-01 14:46:29,3746.6628468314098
2012-08-01 14:46:20,3747.4424422060047
2012-08-01 14:46:09,3750.996559313283
2012-08-01 14:45:59,3757.4012501481884
2012-08-01 14:45:50,3758.6683323185557
2012-08-01 14:45:39,3761.229026489547
2012-08-01 14:45:30,3762.989452408314
2012-08-01 14:45:19,3763.1405500950605
2012-08-01 14:45:09,3764.678818028236
2012-08-01 14:45:00,3770.9519547898726
2012-08-01 14:44:49,3773.20040601185
2012-08-01 14:44:40,3774.614663739528
2012-08-01 14:44:29,3774.8495339545684
2012-08-01 14:44:19,3781.524395519034
2012-08-01 14:44:10,3781.7785280866315
2012-08-01 14:43:59,3784.2551782923983
2012-08-01 14:43:50,3787.3369701974234
2012-08-01 14:43:40,3792.4931679725373
2012-08-01 14:43:29,3794.0791613685105
2012-08-01 14:43:20,3796.119859377274
2012-08-01 14:43:09,3797.9775189080124
2012-08-01 14:43:00,3800.8748502666353
2012-08-01 14:42:50,3803.0969730707407
2012-08-01 14:42:39,3806.9861817343135
2012-08-01 14:42:30,3808.4934289612343
2012-08-01 14:42:19,3812.4820509430974
2012-08-01 14:42:10,3814.048561311735
2012-08-01 14:42:00,3816.7059246715876
2012-08-01 14:41:49,3825.974739947805
2012-08-01 14:41:40,3829.5763689511023
2012-08-01 14:41:29,3836.5912360153284
2012-08-01 14:41:19,3844.101423314194
2012-08-01 14:41:10,3850.3567959010848
2012-08-01 14:40:59,3857.407395247538
2012-08-01 14:40:50,3862.538635355329
2012-08-01 14:40:39,3870.0670299401518
2012-08-01 14:40:29,3875.5585188505347
2012-08-01 14:40:20,3882.5501586177165
2012-08-01 14:40:09,3883.4363270814993
2012-08-01 14:40:00,3887.005289355835
2012-08-01 14:39:49,3890.69419114329
2012-08-01 14:39:39,3891.3860258149016
2012-08-01 14:39:30,3894.6988626036414
2012-08-01 14:39:19,3898.0858307615044
2012-08-01 14:39:10,3898.5358605451424
2012-08-01 14:39:00,3899.4241207061787
2012-08-01 14:38:49,3900.558404149773
2012-08-01 14:38:40,3902.4433957163155
2012-08-01 14:38:29,3903.7792235686297
2012-08-01 14:38:20,3903.991069501034
2012-08-01 14:38:10,3904.823861085242
2012-08-01 14:37:59,3907.2040707227716
2012-08-01 14:37:50,3909.2159819892236
2012-08-01 14:37:39,3913.4836805485343
2012-08-01 14:37:30,3914.3343307904574
2012-08-01 14:37:20,3915.416741387316
2012-08-01 14:37:09,3917.959371630629
2012-08-01 14:37:00,3919.044561374094
2012-08-01 14:36:49,3920.0733918863393
2012-08-01 14:36:39,3924.1014600898648
2012-08-01 14:36:30,3929.5302037688007
2012-08-01 14:36:19,3931.8366999332247
2012-08-01 14:36:10,3933.0542587475106
2012-08-01 14:35:59,3934.601558014076
2012-08-01 14:35:49,3937.345360407254
2012-08-01 14:35:40,3939.0428392916997
2012-08-01 14:35:29,3941.7984150985676
2012-08-01 14:35:20,3949.066940954954
2012-08-01 14:35:10,3957.3042999514732
2012-08-01 14:34:59,3959.7447545302307
2012-08-01 14:34:50,3963.3851033504425
2012-08-01 14:34:39,3972.3859625296013
2012-08-01 14:34:30,3972.4570732667107
2012-08-01 14:34:20,3977.771757801428
2012-08-01 14:34:09,3982.9222398889124
2012-08-01 14:34:00,3987.7456776968656
2012-08-01 14:33:49,3989.2716284785056
2012-08-01 14:33:40,3994.1069901931073
2012-08-01 14:33:30,3995.6051385282635
2012-08-01 14:33:19,3998.749089072641
2012-08-01 14:33:10,3999.1437304360934
2012-08-01 14:32:59,4002.66652869335
2012-08-01 14:32:50,4004.5869882770926
2012-08-01 14:32:40,4011.7061253501893
2012-08-01 14:32:29,4014.44385463081
2012-08-01 14:32:20,4015.561753434734
2012-08-01 14:32:09,4016.803616943275
2012-08-01 14:31:59,4018.011306497406
2012-08-01 14:31:50,4020.106039080904
2012-08-01 14:31:39,4029.0460053684565
2012-08-01 14:31:30,4032.9199123515905
2012-08-01 14:31:19,4037.3263217681815
2012-08-01 14:31:09,4040.945264813407
2012-08-01 14:31:00,4043.2244880891844
2012-08-01 14:30:49,4046.9356558356703
2012-08-01 14:30:40,4050.5690765744343
2012-08-01 14:30:30,4056.0802668688007
2012-08-01 14:30:19,4058.9758240929855
2012-08-01 14:30:10,4061.069529621933
2012-08-01 14:29:59,4061.499154762073
2012-08-01 14:29:50,4065.5658361517826
2012-08-01 14:29:40,4067.1123227400894
2012-08-01 14:29:29,4071.339936768125
2012-08-01 14:29:20,4071.529024700271
2012-08-01 14:29:09,4075.1940879816284
2012-08-01 14:29:00,4084.42564975035
2012-08-01 14:28:50,4091.487139008097
2012-08-01 14:28:39,4096.45992968658
2012-08-01 14:28:30,4101.414217312655
2012-08-01 14:28:19,4106.631913518035
2012-08-01 14:28:09,4111.428412246323
2012-08-01 14:28:00,4112.000434731646
2012-08-01 14:27:49,4112.883329707817
2012-08-01 14:27:40,4113.338837155089
2012-08-01 14:27:29,4118.68372321723
2012-08-01 14:27:19,4121.08578501253
2012-08-01 14:27:10,4124.494078044599
2012-08-01 14:26:59,4130.092378647494
2012-08-01 14:26:50,4133.475416947659
2012-08-01 14:26:39,4138.471788938632
2012-08-01 14:26:29,4140.406235895012
2012-08-01 14:26:20,4141.780750183379
2012-08-01 14:26:09,4142.642302460515
2012-08-01 14:26:00,4144.092119674817
2012-08-01 14:25:50,4145.468508885139
2012-08-01 14:25:39,4148.208569299086
2012-08-01 14:25:30,4148.783132235416
2012-08-01 14:25:19,4156.230222811338
2012-08-01 14:25:10,4160.260025233523
2012-08-01 14:25:00,4163.206039470763
2012-08-01 14:24:49,4165.669978979762
2012-08-01 14:24:40,4167.445148454249
2012-08-01 14:24:29,4169.987896010002
2012-08-01 14:24:20,4172.358836688142
2012-08-01 14:24:10,4174.609354696908
2012-08-01 14:23:59,4177.800122912072
2012-08-01 14:23:50,4180.509486269299
2012-08-01 14:23:39,4183.115198652979
2012-08-01 14:23:29,4183.753547648485
2012-08-01 14:23:20,4186.58867952391
2012-08-01 14:23:09,4188.866407814625
2012-08-01 14:23:00,4189.044561149812
2012-08-01 14:22:49,4192.779538424956
2012-08-01 14:22:39,4196.050474032543
2012-08-01 14:22:30,4200.0137734780155
2012-08-01 14:22:19,4201.209246908418
2012-08-01 14:22:10,4204.438507653902
2012-08-01 14:21:59,4207.3359525132
2012-08-01 14:21:49,4213.250945222537
2012-08-01 14:21:40,4218.996650018649
2012-08-01 14:21:29,4223.513828500453
2012-08-01 14:21:20,4230.089510596016
2012-08-01 14:21:10,4238.92120782823
2012-08-01 14:20:59,4239.45852133719
2012-08-01 14:20:50,4241.500468359645
2012-08-01 14:20:39,4242.436819252021
2012-08-01 14:20:30,4245.082562738681
2012-08-01 14:20:20,4246.445886491748
2012-08-01 14:20:09,4248.327639525506
2012-08-01 14:20:00,4249.640479645788
2012-08-01 14:19:49,4250.0631223882865
2012-08-01 14:19:40,4252.7975544628225
2012-08-01 14:19:30,4253.833024924482
2012-08-01 14:19:19,4255.403466728877
2012-08-01 14:19:10,4259.077805017991
2012-08-01 14:18:59,4261.9988460058485
2012-08-01 14:18:49,4263.93067401541
2012-08-01 14:18:40,4269.515377009562
2012-08-01 14:18:29,4276.075956849679
2012-08-01 14:18:20,4282.428688710208
2012-08-01 14:18:09,4289.127831799653
2012-08-01 14:17:59,4291.262447824522
2012-08-01 14:17:50,4295.756441763602
2012-08-01 14:17:39,4297.451096859451
2012-08-01 14:17:30,4298.499207906315
2012-08-01 14:17:19,4303.288357384968
2012-08-01 14:17:09,4306.645600932456
2012-08-01 14:17:00,4308.210064815925
2012-08-01 14:16:49,4309.567244427119
2012-08-01 14:16:40,4313.388810700073
2012-08-01 14:16:30,4318.110574617533
2012-08-01 14:16:19,4323.348416621053
2012-08-01 14:16:10,4325.854422328023
2012-08-01 14:15:59,4327.1269059318265
2012-08-01 14:15:50,4329.015245822234
2012-08-01 14:15:40,4329.376872777158
2012-08-01 14:15:29,4329.854321535731
2012-08-01 14:15:20,4330.561047910479
2012-08-01 14:15:09,4334.652320239222
2012-08-01 14:15:00,4340.719978840517
2012-08-01 14:14:50,4342.953839381765
2012-08-01 14:14:39,4344.652750032474
2012-08-01 14:14:30,4347.732306988557
2012-08-01 14:14:19,4349.094095908274
2012-08-01 14:14:09,4350.984024931849
2012-08-01 14:14:00,4355.33970553622
2012-08-01 14:13:49,4359.759609302218
2012-08-01 14:13:40,4360.7792087377475
2012-08-01 14:13:29,4364.0420011678725
2012-08-01 14:13:19,4365.008841667373
2012-08-01 14:13:10,4365.645774608145
2012-08-01 14:12:59,4367.779830396735
2012-08-01 14:12:50,4370.91222714814
2012-08-01 14:12:40,4373.293185785132
2012-08-01 14:12:29,4376.037044628821
2012-08-01 14:12:20,4381.04203750706
2012-08-01 14:12:09,4383.801653448342
2012-08-01 14:12:00,4388.544559621992
2012-08-01 14:11:50,4391.062166724013
2012-08-01 14:11:39,4397.119982848198
2012-08-01 14:11:30,4401.856282354137
2012-08-01 14:11:19,4408.8161387901755
2012-08-01 14:11:10,4409.895960704923
2012-08-01 14:11:00,4411.46763791912
2012-08-01 14:10:49,4411.939170395867
2012-08-01 14:10:40,4415.670014193698
2012-08-01 14:10:29,4418.582943113132
2012-08-01 14:10:20,4421.2727258154855
2012-08-01 14:10:10,4423.548375277544
2012-08-01 14:09:59,4425.918435252604
2012-08-01 14:09:50,4428.823005494135
2012-08-01 14:09:39,4432.267822307004
2012-08-01 14:09:29,4434.751647518426
2012-08-01 14:09:20,4436.065396730128
2012-08-01 14:09:09,4436.868991962786
2012-08-01 14:09:00,4438.818984561161
2012-08-01 14:08:49,4440.181562398017
2012-08-01 14:08:39,4441.99542981323
2012-08-01 14:08:30,4444.999358693641
2012-08-01 14:08:19,4446.79820509142
2012-08-01 14:08:10,4452.065637440709
2012-08-01 14:08:00,4453.081363945875
2012-08-01 14:07:49,4454.751731675134
2012-08-01 14:07:40,4455.765220314668
2012-08-01 14:07:29,4456.636869296313
2012-08-01 14:07:20,4462.679055167662
2012-08-01 14:07:10,4466.823729925429
2012-08-01 14:06:59,4471.179664989788
2012-08-01 14:06:50,4476.6570616499175
2012-08-01 14:06:39,4477.448999198383
2012-08-01 14:06:30,4483.850880759678
2012-08-01 14:06:20,4490.0726102560975
2012-08-01 14:06:09,4490.637671062294
2012-08-01 14:06:00,4491.054256543124
2012-08-01 14:05:49,4492.785622082496
2012-08-01 14:05:39,4494.9013088418205
2012-08-01 14:05:30,4496.920043401967
2012-08-01 14:05:19,4499.460654948191
2012-08-01 14:05:10,4501.116133267876
2012-08-01 14:04:59,4504.0676781489165
2012-08-01 14:04:49,4508.3054850909775
2012-08-01 14:04:40,4510.407215860199
2012-08-01 14:04:29,4516.11725103701
2012-08-01 14:04:20,4519.286730504882
2012-08-01 14:04:09,4522.550682275733
2012-08-01 14:03:59,4523.772155886872
2012-08-01 14:03:50,4526.744081400514
2012-08-01 14:03:39,4528.330012437683
2012-08-01 14:03:30,4529.325750171555
2012-08-01 14:03:20,4530.746000237202
2012-08-01 14:03:09,4532.308941908441
2012-08-01 14:03:00,4536.721221410116
2012-08-01 14:02:49,4541.251084122003
2012-08-01 14:02:40,4546.654812233413
2012-08-01 14:02:30,4550.534143478249
2012-08-01 14:02:19,4553.005940521807
2012-08-01 14:02:10,4558.267443857244
2012-08-01 14:01:59,4560.933042860516
2012-08-01 14:01:50,4568.248020599723
2012-08-01 14:01:40,4570.089328501678
2012-08-01 14:01:29,4574.230254728322
2012-08-01 14:01:20,4581.736180996457
2012-08-01 14:01:09,4583.387715253474
2012-08-01 14:00:59,4587.560030664243
2012-08-01 14:00:50,4589.779977385825
2012-08-01 14:00:39,4590.627464457938
2012-08-01 14:00:30,4592.304082165325
2012-08-01 14:00:19,4592.591363636657
2012-08-01 14:00:09,4594.473238653359
2012-08-01 14:00:00,4596.45337574967
2012-08-01 13:59:49,4600.212391876562
2012-08-01 13:59:40,4602.0297629017105
2012-08-01 13:59:29,4607.026761654174
2012-08-01 13:59:19,4610.885426965169
2012-08-01 13:59:10,4614.493703777749
2012-08-01 13:58:59,4616.945678106636
2012-08-01 13:58:50,4621.277446834052
2012-08-01 13:58:40,4622.923082482778
2012-08-01 13:58:29,4629.670966953881
2012-08-01 13:58:20,4633.518814022994
2012-08-01 13:58:09,4635.183724080334
2012-08-01 13:58:00,4635.75713058977
2012-08-01 13:57:50,4638.392537261131
2012-08-01 13:57:39,4640.051101442574
2012-08-01 13:57:30,4641.152894697678
2012-08-01 13:57:19,4641.9405270623365
2012-08-01 13:57:10,4643.211119987673
2012-08-01 13:57:00,4647.000299539996
2012-08-01 13:56:49,4648.670990402259
2012-08-01 13:56:40,4654.5152011128885
2012-08-01 13:56:29,4660.359681648688
2012-08-01 13:56:19,4665.639864493071
2012-08-01 13:56:10,4673.0780565823015
2012-08-01 13:55:59,4679.730909811066
2012-08-01 13:55:50,4682.564247837772
2012-08-01 13:55:39,4682.921250402319
2012-08-01 13:55:29,4685.304064541885
2012-08-01 13:55:20,4695.84481831252
2012-08-01 13:55:09,4702.000887449096
2012-08-01 13:55:00,4710.26965025235
2012-08-01 13:54:49,4715.784355028315
2012-08-01 13:54:39,4721.803490584593
2012-08-01 13:54:30,4724.0392883393315
2012-08-01 13:54:19,4725.911505634114
2012-08-01 13:54:10,4727.611423447934
2012-08-01 13:54:00,4728.222039868317
2012-08-01 13:53:49,4731.218150636368
2012-08-01 13:53:40,4735.495012273161
2012-08-01 13:53:29,4738.077471926524
2012-08-01 13:53:20,4740.502066217105
2012-08-01 13:53:10,4743.456853098246
2012-08-01 13:52:59,4745.000142052585
2012-08-01 13:52:50,4746.853194195662
2012-08-01 13:52:39,4747.3773010462955
2012-08-01 13:52:30,4749.133628147859
2012-08-01 13:52:20,4750.560763618273
2012-08-01 13:52:09,4751.518439512564
2012-08-01 13:52:00,4757.014195926017
2012-08-01 13:51:49,4759.829605308477
2012-08-01 13:51:39,4764.484925061481
2012-08-01 13:51:30,4766.000020249766
2012-08-01 13:51:19,4768.937893801303
2012-08-01 13:51:10,4770.9176540999815
2012-08-01 13:50:59,4771.803048018688
2012-08-01 13:50:49,4773.675655385857
2012-08-01 13:50:40,4774.564444587439
2012-08-01 13:50:29,4776.676512981313
2012-08-01 13:50:20,4782.416683628955
2012-08-01 13:50:10,4783.401260916152
2012-08-01 13:49:59,4785.6398816482915
2012-08-01 13:49:50,4787.6196652310855
2012-08-01 13:49:39,4790.546876980365
2012-08-01 13:49:30,4793.566337933873
2012-08-01 13:49:20,4795.403915207843
2012-08-01 13:49:09,4799.013061095308
2012-08-01 13:49:00,4799.957963968912
2012-08-01 13:48:49,4801.623534454713
2012-08-01 13:48:40,4803.8087138116625
2012-08-01 13:48:30,4805.390172545846
2012-08-01 13:48:19,4809.691944171357
2012-08-01 13:48:10,4811.241511095222
2012-08-01 13:47:59,4813.617016313675
2012-08-01 13:47:50,4814.13608499188
2012-08-01 13:47:40,4814.886677294821
2012-08-01 13:47:29,4816.7291576597145
2012-08-01 13:47:20,4820.620850240837
2012-08-01 13:47:09,4824.052071243487
2012-08-01 13:46:59,4826.32815671831
2012-08-01 13:46:50,4828.275835298784
2012-08-01 13:46:39,4831.7636970650365
2012-08-01 13:46:30,4834.187235278893
2012-08-01 13:46:19,4835.335562690724
2012-08-01 13:46:09,4837.5820112864985
2012-08-01 13:46:00,4839.941362933304
2012-08-01 13:45:49,4843.063441191592
2012-08-01 13:45:40,4844.654854076471
2012-08-01 13:45:30,4845.119230521688
2012-08-01 13:45:19,4846.254167440105
2012-08-01 13:45:10,4850.040506614219
2012-08-01 13:44:59,4855.911859022468
2012-08-01 13:44:50,4860.537275926197
2012-08-01 13:44:40,4867.081835655992
2012-08-01 13:44:29,4871.070374833264
2012-08-01 13:44:20,4875.930255370372
2012-08-01 13:44:09,4881.098841965395
2012-08-01 13:44:00,4881.123606749433
2012-08-01 13:43:50,4882.303096840624
2012-08-01 13:43:39,4888.6230985483035
2012-08-01 13:43:30,4891.099230495688
2012-08-01 13:43:19,4894.252128404184
2012-08-01 13:43:09,4898.560555414659
2012-08-01 13:43:00,4899.784967839937
2012-08-01 13:42:49,4902.805953383183
2012-08-01 13:42:40,4908.329354397479
2012-08-01 13:42:29,4911.734994734323
2012-08-01 13:42:19,4918.960265532249
2012-08-01 13:42:10,4925.995291833448
2012-08-01 13:41:59,4931.91367891877
2012-08-01 13:41:50,4937.517741894717
2012-08-01 13:41:39,4938.746075595298
2012-08-01 13:41:29,4940.2379466877965
2012-08-01 13:41:20,4942.3776930865515
2012-08-01 13:41:09,4944.7823971289545
2012-08-01 13:41:00,4946.049059057229
2012-08-01 13:40:50,4946.363440039496
2012-08-01 13:40:39,4947.72185862107
2012-08-01 13:40:30,4951.004158204138
2012-08-01 13:40:19,4953.5777444068235
2012-08-01 13:40:10,4954.087949815205
2012-08-01 13:40:00,4955.953085214866
2012-08-01 13:39:49,4959.524698416547
2012-08-01 13:39:40,4960.028797001929
2012-08-01 13:39:29,4962.364091648279
2012-08-01 13:39:20,4962.777423893016
2012-08-01 13:39:10,4964.005419431593
2012-08-01 13:38:59,4965.669222188232
2012-08-01 13:38:50,4967.919025375422
2012-08-01 13:38:39,4971.479745909124
2012-08-01 13:38:29,4972.7867196382695
2012-08-01 13:38:20,4976.501480960614
2012-08-01 13:38:09,4978.266902770638
2012-08-01 13:38:00,4982.607070738225
2012-08-01 13:37:49,4983.615181870466
2012-08-01 13:37:39,4984.24806897173
2012-08-01 13:37:30,4985.740496714383
2012-08-01 13:37:19,4986.557025235115
2012-08-01 13:37:10,4987.121536881704
2012-08-01 13:36:59,4987.547102597147
2012-08-01 13:36:49,4988.269101005757
2012-08-01 13:36:40,4989.705218751362
2012-08-01 13:36:29,4989.946900952296
2012-08-01 13:36:20,4990.760564453244
2012-08-01 13:36:10,4990.982305638509
2012-08-01 13:35:59,4992.94426027214
2012-08-01 13:35:50,4994.530397308891
2012-08-01 13:35:39,4996.506408151064
2012-08-01 13:35:30,4999.721561550307
2012-08-01 13:35:20,5002.978272554482
2012-08-01 13:35:09,5003.771336547715
2012-08-01 13:35:00,5004.668920197174
2012-08-01 13:34:49,5005.871375773184
2012-08-01 13:34:40,5006.176513138273
2012-08-01 13:34:30,5008.466178154227
2012-08-01 13:34:19,5008.725295573082
2012-08-01 13:34:10,5010.336841993528
2012-08-01 13:33:59,5011.065211204218
2012-08-01 13:33:49,5012.192214464375
2012-08-01 13:33:40,5012.775119570582
2012-08-01 13:33:29,5015.56981185778
2012-08-01 13:33:20,5015.864943061732
2012-08-01 13:33:09,5016.450385214842
2012-08-01 13:32:59,5017.604838237367
2012-08-01 13:32:50,5020.75266361114
2012-08-01 13:32:39,5023.384354917295
2012-08-01 13:32:30,5025.288874559236
2012-08-01 13:32:19,5026.596552159576
2012-08-01 13:32:09,5027.622642707934
2012-08-01 13:32:00,5030.026634588372
2012-08-01 13:31:49,5031.565196120576
2012-08-01 13:31:40,5032.083681988082
2012-08-01 13:31:30,5033.042185710982
2012-08-01 13:31:19,5034.678538466691
2012-08-01 13:31:10,5035.565107397586
2012-08-01 13:30:59,5036.6407686233915
2012-08-01 13:30:50,5037.426763069884
2012-08-01 13:30:40,5038.801073093993
2012-08-01 13:30:29,5039.0895003062815
2012-08-01 13:30:20,5040.726044189126
2012-08-01 13:30:09,5042.718342341125
2012-08-01 13:30:00,5044.946830895701
2012-08-01 13:29:50,5045.463574079168
2012-08-01 13:29:39,5047.061518949239
2012-08-01 13:29:30,5049.221740435314
2012-08-01 13:29:19,5052.412695735946
2012-08-01 13:29:09,5053.862444392259
2012-08-01 13:29:00,5055.271455685283
2012-08-01 13:28:49,5055.899505030089
2012-08-01 13:28:40,5056.332145848885
2012-08-01 13:28:29,5056.691794174595
2012-08-01 13:28:19,5057.72826385317
2012-08-01 13:28:10,5060.74552430063
2012-08-01 13:27:59,5063.361237277289
2012-08-01 13:27:50,5063.745470243178
2012-08-01 13:27:40,5064.874869663373
2012-08-01 13:27:29,5065.943435242517
2012-08-01 13:27:20,5067.161054377051
2012-08-01 13:27:09,5068.80504694143
2012-08-01 13:27:00,5071.318707130167
2012-08-01 13:26:50,5073.229956299512
2012-08-01 13:26:39,5074.054339296098
2012-08-01 13:26:30,5075.840266626125
2012-08-01 13:26:19,5076.834061027565
2012-08-01 13:26:10,5078.402914590618
2012-08-01 13:26:00,5079.574655206994
2012-08-01 13:25:49,5080.63336495486
2012-08-01 13:25:40,5082.944665164286
2012-08-01 13:25:29,5085.949894370354
2012-08-01 13:25:20,5087.496739732566
2012-08-01 13:25:10,5089.718077616741
2012-08-01 13:24:59,5090.372734008698
2012-08-01 13:24:50,5090.992096270712
2012-08-01 13:24:39,5092.319167979442
2012-08-01 13:24:29,5095.039848959955
2012-08-01 13:24:20,5096.27943028898
2012-08-01 13:24:09,5098.439567644915
2012-08-01 13:24:00,5099.828000878513
2012-08-01 13:23:49,5101.474351061316
2012-08-01 13:23:39,5103.361633621043
2012-08-01 13:23:30,5106.542992807985
2012-08-01 13:23:19,5108.416194200015
2012-08-01 13:23:10,5110.813848065203
2012-08-01 13:23:00,5111.913078768458
2012-08-01 13:22:49,5115.084124314648
2012-08-01 13:22:40,5117.071475774182
2012-08-01 13:22:29,5118.473757317059
2012-08-01 13:22:20,5119.674585241614
2012-08-01 13:22:10,5121.316076555222
2012-08-01 13:21:59,5122.499544420757
2012-08-01 13:21:50,5123.677861869696
2012-08-01 13:21:39,5125.840215447151
2012-08-01 13:21:30,5127.661704647773
2012-08-01 13:21:20,5130.649325458916
2012-08-01 13:21:09,5131.393665433982
2012-08-01 13:21:00,5133.148708944804
2012-08-01 13:20:49,5133.513866657703
2012-08-01 13:20:39,5134.208907009347
2012-08-01 13:20:30,5135.205608708866
2012-08-01 13:20:19,5135.692168686613
2012-08-01 13:20:10,5136.449521644351
2012-08-01 13:19:59,5137.615098968797
2012-08-01 13:19:49,5138.597400643864
2012-08-01 13:19:40,5141.399261694511
2012-08-01 13:19:29,5144.5042004653
2012-08-01 13:19:20,5146.608664849419
2012-08-01 13:19:09,5148.936901867327
2012-08-01 13:18:59,5149.635532854086
2012-08-01 13:18:50,5151.358265031969
2012-08-01 13:18:39,5152.825585251059
2012-08-01 13:18:30,5153.582459599851
2012-08-01 13:18:20,5161.5023618951745
2012-08-01 13:18:09,5166.700980109911
2012-08-01 13:18:00,5169.178922323793
2012-08-01 13:17:49,5173.466627458785
2012-08-01 13:17:40,5174.2610771655845
2012-08-01 13:17:30,5177.658276456668
2012-08-01 13:17:19,5179.229194512687
2012-08-01 13:17:10,5180.913783923585
2012-08-01 13:16:59,5183.2325520202585
2012-08-01 13:16:50,5185.549423445042
2012-08-01 13:16:40,5188.960735588159
2012-08-01 13:16:29,5191.499033625033
2012-08-01 13:16:20,5193.244727431629
2012-08-01 13:16:09,5198.323154982545
2012-08-01 13:15:59,5199.73582499115
2012-08-01 13:15:50,5202.605621337445
2012-08-01 13:15:39,5204.864578580443
2012-08-01 13:15:30,5205.7426643279205
2012-08-01 13:15:19,5208.137856116056
2012-08-01 13:15:09,5212.045526222254
2012-08-01 13:15:00,5217.680318732881
2012-08-01 13:14:49,5220.0888820065165
2012-08-01 13:14:40,5220.857897681987
2012-08-01 13:14:29,5223.2790582209145
2012-08-01 13:14:19,5225.715739479273
2012-08-01 13:14:10,5226.246185616171
2012-08-01 13:13:59,5227.213872752103
2012-08-01 13:13:50,5229.4276348812455
2012-08-01 13:13:40,5229.944950769725
2012-08-01 13:13:29,5232.154597857937
2012-08-01 13:13:20,5236.749087278477
2012-08-01 13:13:09,5237.690854854321
2012-08-01 13:13:00,5240.262172293808
2012-08-01 13:12:50,5244.203115930603
2012-08-01 13:12:39,5247.725465531288
2012-08-01 13:12:30,5249.2058453266
2012-08-01 13:12:19,5250.982336494499
2012-08-01 13:12:10,5255.6470153942755
2012-08-01 13:12:00,5261.346233223057
2012-08-01 13:11:49,5264.167408013105
2012-08-01 13:11:40,5266.725562225485
2012-08-01 13:11:29,5268.741784880705
2012-08-01 13:11:19,5271.806691273829
2012-08-01 13:11:10,5276.945367021768
2012-08-01 13:10:59,5278.588230913374
2012-08-01 13:10:50,5280.7632591372885
2012-08-01 13:10:39,5282.324799024958
2012-08-01 13:10:29,5282.9764985951015
2012-08-01 13:10:20,5284.169846723265
2012-08-01 13:10:09,5287.24902734652
2012-08-01 13:10:00,5288.728299170158
2012-08-01 13:09:49,5289.4977450974075
2012-08-01 13:09:39,5289.797373161667
2012-08-01 13:09:30,5291.17500500016
2012-08-01 13:09:19,5291.466457622819
2012-08-01 13:09:10,5292.748914955712
2012-08-01 13:09:00,5293.8549952494795
2012-08-01 13:08:49,5295.338136152719
2012-08-01 13:08:40,5298.458621983174
2012-08-01 13:08:29,5300.074031456776
2012-08-01 13:08:20,5302.701986320262
2012-08-01 13:08:10,5303.249433937104
2012-08-01 13:07:59,5304.2263194156985
2012-08-01 13:07:50,5305.598539482411
2012-08-01 13:07:39,5308.065970631951
2012-08-01 13:07:30,5312.445548533781
2012-08-01 13:07:20,5321.1530990383835
2012-08-01 13:07:09,5332.763838816895
2012-08-01 13:07:00,5338.2044398896
2012-08-01 13:06:49,5343.265946200175
2012-08-01 13:06:39,5344.815439247762
2012-08-01 13:06:30,5347.411285264664
2012-08-01 13:06:19,5348.248135568248
2012-08-01 13:06:10,5353.8104689313695
2012-08-01 13:05:59,5355.452212587177
2012-08-01 13:05:49,5363.830583073839
2012-08-01 13:05:40,5379.547759656779
2012-08-01 13:05:29,5391.793602720592
2012-08-01 13:05:20,5396.254529563946
2012-08-01 13:05:10,5399.004723429899
2012-08-01 13:04:59,5404.231874502608
2012-08-01 13:04:50,5411.86729853858
2012-08-01 13:04:39,5414.019732844208
2012-08-01 13:04:30,5414.512203307024
2012-08-01 13:04:20,5416.120897864845
2012-08-01 13:04:09,5416.915723356965
2012-08-01 13:04:00,5417.73607286826
2012-08-01 13:03:49,5420.624197067061
2012-08-01 13:03:40,5422.072619313364
2012-08-01 13:03:30,5424.706620011832
2012-08-01 13:03:19,5426.515047283373
2012-08-01 13:03:10,5431.22552745239
2012-08-01 13:02:59,5434.914290410695
2012-08-01 13:02:50,5438.789631606898
2012-08-01 13:02:40,5441.998235049389
2012-08-01 13:02:29,5443.773211033188
2012-08-01 13:02:20,5444.6404967936005
2012-08-01 13:02:09,5461.1174798957845
2012-08-01 13:01:59,5478.540700784026
2012-08-01 13:01:50,5481.455938371386
2012-08-01 13:01:39,5484.172663905459
2012-08-01 13:01:30,5485.691955782231
2012-08-01 13:01:19,5486.1339554272645
2012-08-01 13:01:09,5488.704017210563
2012-08-01 13:01:00,5491.529566281697
2012-08-01 13:00:49,5493.935043229814
2012-08-01 13:00:40,5495.973438364534
2012-08-01 13:00:30,5497.799670264337
2012-08-01 13:00:19,5502.285489067278
2012-08-01 13:00:10,5508.323284076509
2012-08-01 12:59:59,5509.689701833677
2012-08-01 12:59:50,5513.7048364098655
2012-08-01 12:59:40,5517.335056384589
2012-08-01 12:59:29,5521.707019347613
2012-08-01 12:59:20,5522.79784715784
2012-08-01 12:59:09,5524.2468634622755
2012-08-01 12:59:00,5526.213238010864
2012-08-01 12:58:50,5529.075595515444
2012-08-01 12:58:39,5530.866358652436
2012-08-01 12:58:30,5537.416193703196
2012-08-01 12:58:19,5543.200431126917
2012-08-01 12:58:09,5544.45349357265
2012-08-01 12:58:00,5545.263976450444
2012-08-01 12:57:49,5546.456735883907
2012-08-01 12:57:40,5547.498400806553
2012-08-01 12:57:29,5549.746558566515
2012-08-01 12:57:19,5553.505501725055
2012-08-01 12:57:10,5556.129128843305
2012-08-01 12:56:59,5557.322410373796
2012-08-01 12:56:50,5564.871022693025
2012-08-01 12:56:39,5572.51932774933
2012-08-01 12:56:29,5577.807758529383
2012-08-01 12:56:20,5578.923192777726
2012-08-01 12:56:09,5579.687434652371
2012-08-01 12:56:00,5582.326208152723
2012-08-01 12:55:50,5585.260360190336
2012-08-01 12:55:39,5586.868721857099
2012-08-01 12:55:30,5588.925774963689
2012-08-01 12:55:19,5591.740404385633
2012-08-01 12:55:10,5595.41906070103
2012-08-01 12:55:00,5596.439356772782
2012-08-01 12:54:49,5600.213469764501
2012-08-01 12:54:40,5601.556098047873
2012-08-01 12:54:29,5603.039544796775
2012-08-01 12:54:20,5604.339414161237
2012-08-01 12:54:10,5607.47936900424
2012-08-01 12:53:59,5613.093959616824
2012-08-01 12:53:50,5617.2304402052805
2012-08-01 12:53:39,5619.142196587197
2012-08-01 12:53:29,5619.863841428444
2012-08-01 12:53:20,5621.262474643419
2012-08-01 12:53:09,5622.999055781605
2012-08-01 12:53:00,5623.777186437771
2012-08-01 12:52:49,5626.776389932542
2012-08-01 12:52:39,5629.029268105567
2012-08-01 12:52:30,5629.631811767604
2012-08-01 12:52:19,5630.424808464451
2012-08-01 12:52:10,5631.875377986321
2012-08-01 12:51:59,5634.7601745991105
2012-08-01 12:51:49,5635.513185437874
2012-08-01 12:51:40,5636.886989965031
2012-08-01 12:51:29,5641.147858814175
2012-08-01 12:51:20,5641.7688319418885
2012-08-01 12:51:10,5643.354610396393
2012-08-01 12:50:59,5644.871726828063
2012-08-01 12:50:50,5648.554501380709
2012-08-01 12:50:39,5650.425030477205
2012-08-01 12:50:30,5651.026029327848
2012-08-01 12:50:20,5658.873895493104
2012-08-01 12:50:09,5662.555710705553
2012-08-01 12:50:00,5667.973062370731
2012-08-01 12:49:49,5673.612777023914
2012-08-01 12:49:40,5683.437072330718
2012-08-01 12:49:30,5689.769914428738
2012-08-01 12:49:19,5692.345833682632
2012-08-01 12:49:10,5695.68774564252
2012-08-01 12:48:59,5698.506064452489
2012-08-01 12:48:49,5699.49686723148
2012-08-01 12:48:40,5699.9810566967635
2012-08-01 12:48:29,5703.223460289272
2012-08-01 12:48:20,5703.917453575666
2012-08-01 12:48:09,5705.937184187575
2012-08-01 12:47:59,5706.857535838931
2012-08-01 12:47:50,5707.1027463558285
2012-08-01 12:47:39,5707.613190814198
2012-08-01 12:47:30,5708.445395384247
2012-08-01 12:47:19,5708.812297845213
2012-08-01 12:47:09,5710.963941779146
2012-08-01 12:47:00,5712.989449540529
2012-08-01 12:46:49,5714.404429333753
2012-08-01 12:46:40,5715.695659732108
2012-08-01 12:46:30,5716.721573840295
2012-08-01 12:46:19,5719.185545141735
2012-08-01 12:46:10,5720.795316129342
2012-08-01 12:45:59,5724.299214213422
2012-08-01 12:45:50,5727.619831506062
2012-08-01 12:45:40,5728.107175122868
2012-08-01 12:45:29,5728.344879915795
2012-08-01 12:45:20,5729.352630008822
2012-08-01 12:45:09,5731.229941335251
2012-08-01 12:45:00,5733.9039145090555
2012-08-01 12:44:50,5737.4109225093625
2012-08-01 12:44:39,5739.941516197035
2012-08-01 12:44:30,5743.999371637733
2012-08-01 12:44:19,5747.2401734934165
2012-08-01 12:44:09,5747.917106139692
2012-08-01 12:44:00,5753.429523135275
2012-08-01 12:43:49,5756.864219553698
2012-08-01 12:43:40,5762.118685139843
2012-08-01 12:43:29,5766.7929270066
2012-08-01 12:43:19,5768.684148150747
2012-08-01 12:43:10,5769.46170010339
2012-08-01 12:42:59,5770.173287587821
2012-08-01 12:42:50,5775.877748979736
2012-08-01 12:42:40,5781.229422464894
2012-08-01 12:42:29,5782.320647319522
2012-08-01 12:42:20,5783.302865322235
2012-08-01 12:42:09,5784.474689129178
2012-08-01 12:42:00,5789.143623783723
2012-08-01 12:41:50,5790.990430292086
2012-08-01 12:41:39,5792.596115771611
2012-08-01 12:41:30,5793.485408254883
2012-08-01 12:41:19,5795.4929626690255
2012-08-01 12:41:10,5799.581712525314
2012-08-01 12:41:00,5802.000995469961
2012-08-01 12:40:49,5803.882773779554
2012-08-01 12:40:40,5808.926639830519
2012-08-01 12:40:29,5813.439297716689
2012-08-01 12:40:20,5815.326294923718
2012-08-01 12:40:10,5818.699965363693
2012-08-01 12:39:59,5821.540061486127
2012-08-01 12:39:50,5826.5869832633725
2012-08-01 12:39:39,5829.724750828491
2012-08-01 12:39:29,5831.589434756035
2012-08-01 12:39:20,5838.027180365089
2012-08-01 12:39:09,5839.838782419239
2012-08-01 12:39:00,5845.671875507319
2012-08-01 12:38:49,5851.801676396631
2012-08-01 12:38:39,5857.629599389226
2012-08-01 12:38:30,5858.686502619914
2012-08-01 12:38:19,5860.059844284739
2012-08-01 12:38:10,5860.8060012235355
2012-08-01 12:38:00,5868.395901767859
2012-08-01 12:37:49,5870.720439073902
2012-08-01 12:37:40,5874.81935553835
2012-08-01 12:37:29,5879.864725052936
2012-08-01 12:37:20,5880.656363038127
2012-08-01 12:37:10,5887.467123368037
2012-08-01 12:36:59,5890.050449078559
2012-08-01 12:36:50,5891.460767348619
2012-08-01 12:36:39,5894.949529384581
2012-08-01 12:36:30,5896.020116612698
2012-08-01 12:36:20,5902.633881125773
2012-08-01 12:36:09,5910.624748237723
2012-08-01 12:36:00,5913.905041923528
2012-08-01 12:35:49,5917.12113467766
2012-08-01 12:35:39,5921.892086994811
2012-08-01 12:35:30,5922.38077193011
2012-08-01 12:35:19,5927.517918139689
2012-08-01 12:35:10,5931.566930896143
2012-08-01 12:34:59,5933.5195032924
2012-08-01 12:34:49,5935.8442560779185
2012-08-01 12:34:40,5937.216250334704
2012-08-01 12:34:29,5942.027637806487
2012-08-01 12:34:20,5945.596228505221
2012-08-01 12:34:09,5948.015111941536
2012-08-01 12:33:59,5950.766748852178
2012-08-01 12:33:50,5951.228895709021
2012-08-01 12:33:39,5955.483151997014
2012-08-01 12:33:30,5956.98271684327
2012-08-01 12:33:20,5957.553267469349
2012-08-01 12:33:09,5958.610327837175
2012-08-01 12:33:00,5958.84407157766
2012-08-01 12:32:49,5959.786048527571
2012-08-01 12:32:40,5960.665854847166
2012-08-01 12:32:30,5961.517918390901
2012-08-01 12:32:19,5963.308397543645
2012-08-01 12:32:10,5966.386957196214
2012-08-01 12:31:59,5971.130161162875
2012-08-01 12:31:50,5973.110729072219
2012-08-01 12:31:40,5973.853041909452
2012-08-01 12:31:29,5974.428141916819
2012-08-01 12:31:20,5976.5802978633965
2012-08-01 12:31:09,5978.195366895621
2012-08-01 12:30:59,5982.159297441524
2012-08-01 12:30:50,5985.0262978910205
2012-08-01 12:30:39,5987.364126781632
2012-08-01 12:30:30,5993.191017695198
2012-08-01 12:30:19,5993.6779124920295
2012-08-01 12:30:09,5995.806808467467
2012-08-01 12:30:00,6000.05956940553
2012-08-01 12:29:49,6003.249517233858
2012-08-01 12:29:40,6005.629220327916
2012-08-01 12:29:29,6010.05558704397
2012-08-01 12:29:19,6013.381895928623
2012-08-01 12:29:10,6018.7853674590515
2012-08-01 12:28:59,6025.828201032101
2012-08-01 12:28:50,6030.358990455148
2012-08-01 12:28:40,6032.950240103652
2012-08-01 12:28:29,6034.4956927853555
2012-08-01 12:28:20,6035.269826790589
2012-08-01 12:28:09,6036.5550350650365
2012-08-01 12:28:00,6037.442228358876
2012-08-01 12:27:50,6038.023151818117
2012-08-01 12:27:39,6038.390280904276
2012-08-01 12:27:30,6038.828194864441
2012-08-01 12:27:19,6040.084929792631
2012-08-01 12:27:10,6041.293767914637
2012-08-01 12:27:00,6042.5205856655675
2012-08-01 12:26:49,6045.471273971473
2012-08-01 12:26:40,6046.476728153126
2012-08-01 12:26:29,6047.584128504488
2012-08-01 12:26:19,6048.268666302136
2012-08-01 12:26:10,6051.1985644672395
2012-08-01 12:25:59,6054.522235623931
2012-08-01 12:25:50,6055.008756337433
2012-08-01 12:25:39,6056.035806108603
2012-08-01 12:25:29,6058.4136326006865
2012-08-01 12:25:20,6061.09715248303
2012-08-01 12:25:09,6061.993503227389
2012-08-01 12:25:00,6062.7656291452695
2012-08-01 12:24:49,6063.387500483066
2012-08-01 12:24:39,6064.30108239136
2012-08-01 12:24:30,6066.009681977917
2012-08-01 12:24:19,6066.892960851814
2012-08-01 12:24:10,6067.527157003761
2012-08-01 12:24:00,6069.332639068987
2012-08-01 12:23:49,6070.838121673418
2012-08-01 12:23:40,6073.688814525722
2012-08-01 12:23:29,6075.468733948568
2012-08-01 12:23:20,6076.2764769185105
2012-08-01 12:23:10,6077.600763285825
2012-08-01 12:22:59,6079.083400033995
2012-08-01 12:22:50,6080.979498195341
2012-08-01 12:22:39,6088.876044486189
2012-08-01 12:22:30,6093.316797098324
2012-08-01 12:22:20,6095.264334277891
2012-08-01 12:22:09,6096.274751514171
2012-08-01 12:22:00,6096.786942848033
2012-08-01 12:21:49,6097.529047361377
2012-08-01 12:21:39,6098.426656144063
2012-08-01 12:21:30,6099.729276069573
2012-08-01 12:21:19,6101.808329039107
2012-08-01 12:21:10,6103.011574899327
2012-08-01 12:20:59,6103.703408899136
2012-08-01 12:20:49,6104.506037153397
2012-08-01 12:20:40,6106.058552688392
2012-08-01 12:20:29,6106.755348717735
2012-08-01 12:20:20,6107.419298659718
2012-08-01 12:20:10,6108.63378927224
2012-08-01 12:19:59,6112.34766732696
2012-08-01 12:19:50,6114.945272992603
2012-08-01 12:19:39,6121.001169304732
2012-08-01 12:19:30,6123.389267343047
2012-08-01 12:19:20,6124.754591932598
2012-08-01 12:19:09,6125.4507994476335
2012-08-01 12:19:00,6126.15541090494
2012-08-01 12:18:49,6128.248831592106
2012-08-01 12:18:40,6130.598498216083
2012-08-01 12:18:30,6134.636484600129
2012-08-01 12:18:19,6136.291257677474
2012-08-01 12:18:10,6139.682210180062
2012-08-01 12:17:59,6140.751360162708
2012-08-01 12:17:50,6143.95145033402
2012-08-01 12:17:40,6145.0370916650345
2012-08-01 12:17:29,6146.390164888535
2012-08-01 12:17:20,6149.690262065658
2012-08-01 12:17:09,6151.5787069864955
2012-08-01 12:16:59,6151.985558892345
2012-08-01 12:16:50,6152.495426005317
2012-08-01 12:16:39,6153.6200141005365
2012-08-01 12:16:30,6156.079258454939
2012-08-01 12:16:19,6156.303039442639
2012-08-01 12:16:09,6156.708141217362
2012-08-01 12:16:00,6157.401324381429
2012-08-01 12:15:49,6158.386960966778
2012-08-01 12:15:40,6158.598282453639
2012-08-01 12:15:30,6159.161278340738
2012-08-01 12:15:19,6160.812743672179
2012-08-01 12:15:10,6161.611116559963
2012-08-01 12:14:59,6162.513628899215
2012-08-01 12:14:50,6163.838035862635
2012-08-01 12:14:40,6167.259270593322
2012-08-01 12:14:29,6168.314105648459
2012-08-01 12:14:20,6170.175294735561
2012-08-01 12:14:09,6170.712365400388
2012-08-01 12:14:00,6171.729831884305
2012-08-01 12:13:50,6172.959765660426
2012-08-01 12:13:39,6173.32957564361
2012-08-01 12:13:30,6173.5824257522045
2012-08-01 12:13:19,6174.155265842234
2012-08-01 12:13:09,6174.778523995745
2012-08-01 12:13:00,6175.1379634097375
2012-08-01 12:12:49,6175.926367661523
2012-08-01 12:12:40,6177.73380831079
2012-08-01 12:12:29,6178.843813290132
2012-08-01 12:12:19,6180.271229150917
2012-08-01 12:12:10,6183.386015618345
2012-08-01 12:11:59,6185.57431289323
2012-08-01 12:11:50,6187.8026736403735
2012-08-01 12:11:39,6188.862452448568
2012-08-01 12:11:29,6189.254807861993
2012-08-01 12:11:20,6189.99686730631
2012-08-01 12:11:09,6191.463944641042
2012-08-01 12:11:00,6192.159936827939
2012-08-01 12:10:50,6193.151082981188
2012-08-01 12:10:39,6193.256080508177
2012-08-01 12:10:30,6193.851270987287
2012-08-01 12:10:19,6196.021273609108
2012-08-01 12:10:10,6196.245061445598
2012-08-01 12:10:00,6197.161830133052
2012-08-01 12:09:49,6198.606150215648
2012-08-01 12:09:40,6200.540598624125
2012-08-01 12:09:29,6201.958103694774
2012-08-01 12:09:20,6202.780350991013
2012-08-01 12:09:10,6203.935323780884
2012-08-01 12:08:59,6205.969874183925
2012-08-01 12:08:50,6207.130652543358
2012-08-01 12:08:39,6210.687188605513
2012-08-01 12:08:29,6212.3596715725225
2012-08-01 12:08:20,6214.350528220123
2012-08-01 12:08:09,6216.697088620483
2012-08-01 12:08:00,6220.990246528962
2012-08-01 12:07:49,6223.7798466471
2012-08-01 12:07:39,6224.511026836196
2012-08-01 12:07:30,6225.168193408629
2012-08-01 12:07:19,6225.279355018224
2012-08-01 12:07:10,6225.391248942579
2012-08-01 12:06:59,6226.209774924139
2012-08-01 12:06:49,6228.235936540864
2012-08-01 12:06:40,6230.7239482546365
2012-08-01 12:06:29,6231.335919816439
2012-08-01 12:06:20,6232.585958817775
2012-08-01 12:06:10,6233.950678181498
2012-08-01 12:05:59,6234.942035538187
2012-08-01 12:05:50,6235.23437630333
2012-08-01 12:05:39,6235.541473644722
2012-08-01 12:05:30,6237.4369703336115
2012-08-01 12:05:20,6239.381514875069
2012-08-01 12:05:09,6241.024748789479
2012-08-01 12:05:00,6241.951449563058
2012-08-01 12:04:49,6242.938307964545
2012-08-01 12:04:40,6243.62032175447
2012-08-01 12:04:30,6243.924849064709
2012-08-01 12:04:19,6244.104094696673
2012-08-01 12:04:10,6245.028872959458
2012-08-01 12:03:59,6245.781039227547
2012-08-01 12:03:49,6246.518592197586
2012-08-01 12:03:40,6246.820164792946
2012-08-01 12:03:29,6248.220576044186
2012-08-01 12:03:20,6248.342238848497
2012-08-01 12:03:09,6248.798727729251
2012-08-01 12:02:59,6251.868416088309
2012-08-01 12:02:50,6252.832127708553
2012-08-01 12:02:39,6254.327113642558
2012-08-01 12:02:30,6258.250736814192
2012-08-01 12:02:19,6259.208107532759
2012-08-01 12:02:09,6260.329386082993
2012-08-01 12:02:00,6264.134786299073
2012-08-01 12:01:49,6266.697017412153
2012-08-01 12:01:40,6268.893427260288
2012-08-01 12:01:30,6270.80478403522
2012-08-01 12:01:19,6273.152182326457
2012-08-01 12:01:10,6273.53377695468
2012-08-01 12:00:59,6273.789135689569
2012-08-01 12:00:50,6276.119134261828
2012-08-01 12:00:40,6276.433675352574
2012-08-01 12:00:29,6277.831569123269
2012-08-01 12:00:20,6279.438023558794
2012-08-01 12:00:09,6281.654819840867
2012-08-01 12:00:00,6283.49196197156
2012-08-01 11:59:50,6283.776424662821
2012-08-01 11:59:39,6286.859295931819
2012-08-01 11:59:30,6287.0255729777355
2012-08-01 11:59:19,6289.83349354604
2012-08-01 11:59:09,6293.126495072338
2012-08-01 11:59:00,6294.288353128152
2012-08-01 11:58:49,6295.334966999058
2012-08-01 11:58:40,6296.502120419679
2012-08-01 11:58:29,6297.107620841092
2012-08-01 11:58:19,6298.456971917726
2012-08-01 11:58:10,6298.740704106095
2012-08-01 11:57:59,6298.765568660644
2012-08-01 11:57:50,6299.121072696037
2012-08-01 11:57:40,6300.600312635478
2012-08-01 11:57:29,6301.739221664891
2012-08-01 11:57:20,6303.519903442474
2012-08-01 11:57:09,6304.415234419212
2012-08-01 11:57:00,6307.237048347144
2012-08-01 11:56:50,6308.976680317992
2012-08-01 11:56:39,6309.19685425844
2012-08-01 11:56:30,6310.738260599533
2012-08-01 11:56:19,6313.081785719402
2012-08-01 11:56:10,6314.658594244331
2012-08-01 11:56:00,6316.578110290153
2012-08-01 11:55:49,6317.804287695526
2012-08-01 11:55:40,6318.242752800617
2012-08-01 11:55:29,6319.600608142857
2012-08-01 11:55:20,6320.3930822625525
2012-08-01 11:55:10,6322.067078248332
2012-08-01 11:54:59,6323.691083508535
2012-08-01 11:54:50,6327.665815151144
2012-08-01 11:54:39,6335.627399610984
2012-08-01 11:54:29,6338.919027279868
2012-08-01 11:54:20,6342.465314971838
2012-08-01 11:54:09,6344.295852414799
2012-08-01 11:54:00,6346.840742413271
2012-08-01 11:53:49,6347.630802393878
2012-08-01 11:53:39,6348.978383096626
2012-08-01 11:53:30,6353.160707072258
2012-08-01 11:53:19,6354.24885464457
2012-08-01 11:53:10,6355.198456608388
2012-08-01 11:53:00,6355.765561379306
2012-08-01 11:52:49,6356.148534085184
2012-08-01 11:52:40,6357.802564158558
2012-08-01 11:52:29,6359.453380369385
2012-08-01 11:52:20,6360.231047111519
2012-08-01 11:52:10,6360.679787940289
2012-08-01 11:51:59,6362.256039734615
2012-08-01 11:51:50,6364.940876957555
2012-08-01 11:51:39,6365.140272673518
2012-08-01 11:51:30,6365.992064005172
2012-08-01 11:51:20,6366.401528697153
2012-08-01 11:51:09,6367.013190233181
2012-08-01 11:51:00,6367.511026227766
2012-08-01 11:50:49,6368.355667073008
2012-08-01 11:50:39,6369.415971346955
2012-08-01 11:50:30,6369.896407878486
2012-08-01 11:50:19,6370.361472056313
2012-08-01 11:50:10,6370.771442433713
2012-08-01 11:49:59,6371.40890096621
2012-08-01 11:49:49,6371.855227531814
2012-08-01 11:49:40,6372.241963958692
2012-08-01 11:49:29,6373.002411501604
2012-08-01 11:49:20,6373.6417882032
2012-08-01 11:49:09,6373.814567220206
2012-08-01 11:48:59,6374.034741159036
2012-08-01 11:48:50,6374.881620632702
2012-08-01 11:48:39,6375.621496218605
2012-08-01 11:48:30,6375.92095227277
2012-08-01 11:48:20,6376.772148834597
2012-08-01 11:48:09,6377.055953753436
2012-08-01 11:48:00,6377.594775870343
2012-08-01 11:47:49,6377.870122693022
2012-08-01 11:47:40,6378.0285283199655
2012-08-01 11:47:30,6378.209234828841
2012-08-01 11:47:19,6378.421199484186
2012-08-01 11:47:10,6378.6966981765045
2012-08-01 11:46:59,6378.858738884608
2012-08-01 11:46:50,6379.307542801699
2012-08-01 11:46:40,6379.869936957444
2012-08-01 11:46:29,6380.347776153108
2012-08-01 11:46:20,6380.426247236709
2012-08-01 11:46:09,6380.848494154086
2012-08-01 11:45:59,6381.225587204777
2012-08-01 11:45:50,6381.503184677117
2012-08-01 11:45:39,6381.657609863022
2012-08-01 11:45:30,6382.365102534182
2012-08-01 11:45:19,6383.46709731042
2012-08-01 11:45:09,6384.8612767300665
2012-08-01 11:45:00,6385.29426727465
2012-08-01 11:44:49,6386.0470258963105
2012-08-01 11:44:40,6386.6762430952795
2012-08-01 11:44:29,6386.79415853909
2012-08-01 11:44:19,6387.037492888221
2012-08-01 11:44:10,6388.034053978973
2012-08-01 11:43:59,6390.560766502919
2012-08-01 11:43:50,6391.116386864526
2012-08-01 11:43:40,6391.517123733316
2012-08-01 11:43:29,6392.315376240971
2012-08-01 11:43:20,6393.437368145042
2012-08-01 11:43:09,6394.21090079612
2012-08-01 11:43:00,6394.435034316875
2012-08-01 11:42:50,6395.280429154586
2012-08-01 11:42:39,6395.827815061705
2012-08-01 11:42:30,6396.226550412002
2012-08-01 11:42:19,6396.408719037914
2012-08-01 11:42:10,6396.685449503031
2012-08-01 11:42:00,6397.08610191386
2012-08-01 11:41:49,6397.552793932942
2012-08-01 11:41:40,6398.362155168191
2012-08-01 11:41:29,6399.884369347769
2012-08-01 11:41:19,6403.791698819446
2012-08-01 11:41:10,6405.4337603362965
2012-08-01 11:40:59,6406.626696287921
2012-08-01 11:40:50,6406.9372616474075
2012-08-01 11:40:39,6408.736741664043
2012-08-01 11:40:29,6409.177446449276
2012-08-01 11:40:20,6409.683146674622
2012-08-01 11:40:09,6410.20725404897
2012-08-01 11:40:00,6411.393817523598
2012-08-01 11:39:49,6412.976169091454
2012-08-01 11:39:39,6413.336742156895
2012-08-01 11:39:30,6413.8722316972735
2012-08-01 11:39:19,6414.873716968463
2012-08-01 11:39:10,6416.107304474638
2012-08-01 11:39:00,6424.841352045014
2012-08-01 11:38:49,6430.219941328814
2012-08-01 11:38:40,6433.895141487412
2012-08-01 11:38:29,6434.6798388853
2012-08-01 11:38:20,6436.159185499213
2012-08-01 11:38:10,6436.576476030712
2012-08-01 11:37:59,6437.721052230953
2012-08-01 11:37:50,6440.283042286097
2012-08-01 11:37:39,6440.938640270477
2012-08-01 11:37:30,6441.697384429136
2012-08-01 11:37:20,6442.911957626489
2012-08-01 11:37:09,6443.812097509632
2012-08-01 11:37:00,6444.067601583945
2012-08-01 11:36:49,6444.859437611836
2012-08-01 11:36:39,6445.383874857643
2012-08-01 11:36:30,6447.229303930353
2012-08-01 11:36:19,6448.772474776041
2012-08-01 11:36:10,6450.163165828811
2012-08-01 11:35:59,6451.2136954363705
2012-08-01 11:35:49,6452.839343108067
2012-08-01 11:35:40,6455.302154526653
2012-08-01 11:35:29,6456.96545231017
2012-08-01 11:35:20,6457.366450282643
2012-08-01 11:35:10,6458.21527754777
2012-08-01 11:34:59,6460.836736659045
2012-08-01 11:34:50,6464.661285674744
2012-08-01 11:34:39,6467.297439521781
2012-08-01 11:34:30,6471.480677101273
2012-08-01 11:34:20,6474.934218701206
2012-08-01 11:34:09,6476.9509053305355
2012-08-01 11:34:00,6479.159503580517
2012-08-01 11:33:49,6481.630958132583
2012-08-01 11:33:40,6482.6401962527825
2012-08-01 11:33:30,6483.389427282542
2012-08-01 11:33:19,6485.133090462013
2012-08-01 11:33:10,6485.788299570425
2012-08-01 11:32:59,6486.799903121023
2012-08-01 11:32:50,6488.216762215426
2012-08-01 11:32:40,6489.488464971007
2012-08-01 11:32:29,6490.620965482679
2012-08-01 11:32:20,6492.8828661687585
2012-08-01 11:32:09,6495.241973494765
2012-08-01 11:31:59,6497.447751447951
2012-08-01 11:31:50,6499.846240511243
2012-08-01 11:31:39,6500.654866643698
2012-08-01 11:31:30,6502.009577724819
2012-08-01 11:31:19,6502.201752009394
2012-08-01 11:31:09,6502.777535537465
2012-08-01 11:31:00,6505.103080830809
2012-08-01 11:30:49,6506.666963077764
2012-08-01 11:30:40,6507.36546569186
2012-08-01 11:30:30,6508.781115559293
2012-08-01 11:30:19,6509.961245696451
2012-08-01 11:30:10,6511.828983977398
2012-08-01 11:29:59,6512.436121758982
2012-08-01 11:29:50,6513.222244306329
2012-08-01 11:29:40,6514.7751050487295
2012-08-01 11:29:29,6517.648064605878
2012-08-01 11:29:20,6520.39182122052
2012-08-01 11:29:09,6521.834641078629
2012-08-01 11:29:00,6522.809933103595
2012-08-01 11:28:50,6526.016549054241
2012-08-01 11:28:39,6526.150164193363
2012-08-01 11:28:30,6528.046237803118
2012-08-01 11:28:19,6528.677606122383
2012-08-01 11:28:09,6529.50157598976
2012-08-01 11:28:00,6531.622273112544
2012-08-01 11:27:49,6533.057812027261
2012-08-01 11:27:40,6533.773509346259
2012-08-01 11:27:29,6536.6593994931045
2012-08-01 11:27:19,6538.11920444289
2012-08-01 11:27:10,6539.759982011841
2012-08-01 11:26:59,6542.36585909594
2012-08-01 11:26:50,6543.550014396486
2012-08-01 11:26:39,6543.652380566257
2012-08-01 11:26:29,6544.980770892425
2012-08-01 11:26:20,6545.436876261933
2012-08-01 11:26:09,6546.512691581398
2012-08-01 11:26:00,6546.916801537437
2012-08-01 11:25:50,6547.767030374141
2012-08-01 11:25:39,6549.422175466817
2012-08-01 11:25:30,6550.27549946874
2012-08-01 11:25:19,6550.700825092605
2012-08-01 11:25:10,6552.6584297535355
2012-08-01 11:25:00,6554.230336834694
2012-08-01 11:24:49,6556.203070598486
2012-08-01 11:24:40,6556.409287860636
2012-08-01 11:24:29,6557.249671657862
2012-08-01 11:24:20,6557.424667532082
2012-08-01 11:24:10,6558.193670729232
2012-08-01 11:23:59,6559.431077329797
2012-08-01 11:23:50,6560.912692296078
2012-08-01 11:23:39,6562.195023386221
2012-08-01 11:23:29,6562.793005081102
2012-08-01 11:23:20,6563.807508046282
2012-08-01 11:23:09,6564.18989216339
2012-08-01 11:23:00,6565.066154226332
2012-08-01 11:22:49,6565.411902767476
2012-08-01 11:22:39,6566.159746731023
2012-08-01 11:22:30,6567.510617162432
2012-08-01 11:22:19,6568.719673459892
2012-08-01 11:22:10,6570.067586317381
2012-08-01 11:21:59,6570.639917864686
2012-08-01 11:21:49,6571.259670481132
2012-08-01 11:21:40,6576.198744732793
2012-08-01 11:21:29,6581.052478530655
2012-08-01 11:21:20,6586.74369965085
2012-08-01 11:21:10,6587.9725433601425
2012-08-01 11:20:59,6588.761347172197
2012-08-01 11:20:50,6602.319343257968
2012-08-01 11:20:39,6607.064542884772
2012-08-01 11:20:30,6610.094359436983
2012-08-01 11:20:20,6613.7172140140065
2012-08-01 11:20:09,6615.424852056323
2012-08-01 11:20:00,6617.077257008937
2012-08-01 11:19:49,6617.943203381802
2012-08-01 11:19:40,6619.24542863529
2012-08-01 11:19:30,6620.401071620075
2012-08-01 11:19:19,6622.672837870941
2012-08-01 11:19:10,6625.796312596933
2012-08-01 11:18:59,6629.974004105237
2012-08-01 11:18:49,6631.982485550594
2012-08-01 11:18:40,6634.828654111221
2012-08-01 11:18:29,6636.972557178087
2012-08-01 11:18:20,6639.683626347786
2012-08-01 11:18:09,6643.58592786091
2012-08-01 11:17:59,6643.814551499507
2012-08-01 11:17:50,6648.701731509355
2012-08-01 11:17:39,6651.461783280325
2012-08-01 11:17:30,6652.809071800414
2012-08-01 11:17:19,6655.020077811855
2012-08-01 11:17:09,6658.1686718316105
2012-08-01 11:17:00,6662.166403015324
2012-08-01 11:16:49,6666.969596237746
2012-08-01 11:16:40,6669.231667184394
2012-08-01 11:16:30,6671.351609416109
2012-08-01 11:16:19,6673.675868400713
2012-08-01 11:16:10,6677.897357082304
2012-08-01 11:15:59,6679.377111434055
2012-08-01 11:15:50,6681.984058404084
2012-08-01 11:15:40,6688.2779565678975
2012-08-01 11:15:29,6690.283710830261
2012-08-01 11:15:20,6691.302284002722
2012-08-01 11:15:09,6693.318973181684
2012-08-01 11:15:00,6694.080249547187
2012-08-01 11:14:50,6694.559547864297
2012-08-01 11:14:39,6695.584838477303
2012-08-01 11:14:30,6696.225648534968
2012-08-01 11:14:19,6697.658775007951
2012-08-01 11:14:09,6700.529379544048
2012-08-01 11:14:00,6703.69592260772
2012-08-01 11:13:49,6709.584143544255
2012-08-01 11:13:40,6710.712251528964
2012-08-01 11:13:29,6715.659205803201
2012-08-01 11:13:19,6717.066694171304
2012-08-01 11:13:10,6721.97652354535
2012-08-01 11:12:59,6724.634345609948
2012-08-01 11:12:50,6724.996465237061
2012-08-01 11:12:40,6725.341637712047
2012-08-01 11:12:29,6726.186923731218
2012-08-01 11:12:20,6726.640394214906
2012-08-01 11:12:09,6727.620301080419
2012-08-01 11:12:00,6727.746727548096
2012-08-01 11:11:50,6730.141494744846
2012-08-01 11:11:39,6734.019884237244
2012-08-01 11:11:30,6735.643320601165
2012-08-01 11:11:19,6738.424688134967
2012-08-01 11:11:10,6741.060181674482
2012-08-01 11:11:00,6741.802664657955
2012-08-01 11:10:49,6742.4795977272015
2012-08-01 11:10:40,6743.000386092679
2012-08-01 11:10:29,6743.944340888254
2012-08-01 11:10:20,6744.861941417688
2012-08-01 11:10:10,6745.589278935653
2012-08-01 11:09:59,6747.268817344013
2012-08-01 11:09:50,6748.448947639985
2012-08-01 11:09:39,6749.913984846829
2012-08-01 11:09:29,6752.543005179946
2012-08-01 11:09:20,6753.807950947102
2012-08-01 11:09:09,6755.243365370415
2012-08-01 11:09:00,6756.0988689802325
2012-08-01 11:08:49,6758.397122590061
2012-08-01 11:08:39,6759.905208631219
2012-08-01 11:08:30,6762.3140211144555
2012-08-01 11:08:19,6763.351320327474
2012-08-01 11:08:10,6765.272585002138
2012-08-01 11:08:00,6767.513594262582
2012-08-01 11:07:49,6769.305729976164
2012-08-01 11:07:40,6772.448649183801
2012-08-01 11:07:29,6776.1104034746295
2012-08-01 11:07:20,6778.909412244766
2012-08-01 11:07:10,6782.297413464663
2012-08-01 11:06:59,6783.357819839105
2012-08-01 11:06:50,6786.374958875657
2012-08-01 11:06:39,6791.245085291253
2012-08-01 11:06:30,6796.2552275081225
2012-08-01 11:06:20,6799.270720961029
2012-08-01 11:06:09,6800.796685451681
2012-08-01 11:06:00,6801.070409593998
2012-08-01 11:05:49,6801.525398928149
2012-08-01 11:05:39,6804.649333829549
2012-08-01 11:05:30,6806.687227465963
2012-08-01 11:05:19,6809.492016968986
2012-08-01 11:05:10,6810.177621056489
2012-08-01 11:04:59,6810.526472238379
2012-08-01 11:04:49,6811.986162887037
2012-08-01 11:04:40,6813.823026798269
2012-08-01 11:04:29,6816.252275144468
2012-08-01 11:04:20,6822.983672475606
2012-08-01 11:04:09,6825.450989150511
2012-08-01 11:03:59,6827.339331239971
2012-08-01 11:03:50,6827.708267996093
2012-08-01 11:03:39,6830.329705830072
2012-08-01 11:03:30,6832.604219518109
2012-08-01 11:03:20,6834.8311585748215
2012-08-01 11:03:09,6835.693183312953
2012-08-01 11:03:00,6836.4898330291835
2012-08-01 11:02:49,6841.135230830665
2012-08-01 11:02:40,6842.947923702759
2012-08-01 11:02:30,6843.337634554827
2012-08-01 11:02:19,6844.083849557222
2012-08-01 11:02:10,6844.151566477206
2012-08-01 11:01:59,6845.6032514183025
2012-08-01 11:01:50,6847.240220581302
2012-08-01 11:01:40,6856.4056137119505
2012-08-01 11:01:29,6861.250614577494
2012-08-01 11:01:20,6868.509287711061
2012-08-01 11:01:09,6874.404403605755
2012-08-01 11:00:59,6877.60114550096
2012-08-01 11:00:50,6884.036147113298
2012-08-01 11:00:39,6886.930159974892
2012-08-01 11:00:30,6891.395224027667
2012-08-01 11:00:19,6892.905438054578
2012-08-01 11:00:09,6895.234164445497
2012-08-01 11:00:00,6896.441581909131
2012-08-01 10:59:49,6896.714994567311
2012-08-01 10:59:40,6898.567388326104
2012-08-01 10:59:29,6899.369168348388
2012-08-01 10:59:19,6901.000289779112
2012-08-01 10:59:10,6902.68674988585
2012-08-01 10:58:59,6904.488060215272
2012-08-01 10:58:50,6906.0992721418315
2012-08-01 10:58:40,6906.763695166985
2012-08-01 10:58:29,6907.188809591693
2012-08-01 10:58:20,6908.035327839078
2012-08-01 10:58:09,6911.0266306755
2012-08-01 10:58:00,6912.493981009568
2012-08-01 10:57:50,6913.189973161601
2012-08-01 10:57:39,6913.778570139737
2012-08-01 10:57:30,6914.723246050075
2012-08-01 10:57:19,6916.98317636428
2012-08-01 10:57:10,6924.294807015182
2012-08-01 10:57:00,6929.4918348701285
2012-08-01 10:56:49,6934.620218882116
2012-08-01 10:56:40,6940.718109487324
2012-08-01 10:56:29,6946.733600319115
2012-08-01 10:56:19,6948.703112517192
2012-08-01 10:56:10,6956.518619277256
2012-08-01 10:55:59,6958.250371385699
2012-08-01 10:55:50,6960.0281415038235
2012-08-01 10:55:39,6961.558816035221
2012-08-01 10:55:29,6962.023716738094
2012-08-01 10:55:20,6962.5526790272825
2012-08-01 10:55:09,6963.12878146459
2012-08-01 10:55:00,6963.255416547028
2012-08-01 10:54:49,6963.736619962539
2012-08-01 10:54:39,6964.366403836502
2012-08-01 10:54:30,6964.998409605477
2012-08-01 10:54:19,6965.696111802396
2012-08-01 10:54:10,6966.360534766939
2012-08-01 10:54:00,6967.386626622497
2012-08-01 10:53:49,6968.193231831569
2012-08-01 10:53:40,6968.353075735775
2012-08-01 10:53:29,6969.339933997256
2012-08-01 10:53:20,6969.513985850959
2012-08-01 10:53:10,6969.876394595606
2012-08-01 10:52:59,6970.268581403874
2012-08-01 10:52:50,6970.933689554656
2012-08-01 10:52:39,6971.290963641726
2012-08-01 10:52:30,6971.895218926963
2012-08-01 10:52:20,6972.1737356653075
2012-08-01 10:52:09,6972.952171716325
2012-08-01 10:52:00,6973.499557541949
2012-08-01 10:51:49,6974.207054847343
2012-08-01 10:51:39,6974.8184108515925
2012-08-01 10:51:30,6975.250485829426
2012-08-01 10:51:19,6975.59198986968
2012-08-01 10:51:10,6975.833672377821
2012-08-01 10:50:59,6977.31140192854
2012-08-01 10:50:49,6979.099901979546
2012-08-01 10:50:40,6979.803213646847
2012-08-01 10:50:29,6980.929205256598
2012-08-01 10:50:20,6981.6674274332945
2012-08-01 10:50:10,6982.595092048154
2012-08-01 10:49:59,6983.414131222262
2012-08-01 10:49:50,6984.204191140337
2012-08-01 10:49:39,6985.241929318034
2012-08-01 10:49:30,6986.034679082246
2012-08-01 10:49:20,6988.463122805434
2012-08-01 10:49:09,6991.082079779602
2012-08-01 10:49:00,6992.782538845308
2012-08-01 10:48:49,6993.47905995282
2012-08-01 10:48:40,6995.843838386966
2012-08-01 10:48:30,6998.779748220995
2012-08-01 10:48:19,7002.918262405602
2012-08-01 10:48:10,7009.657137933416
2012-08-01 10:47:59,7013.028234130273
2012-08-01 10:47:50,7017.206651961821
2012-08-01 10:47:40,7020.938793310996
2012-08-01 10:47:29,7021.449510695176
2012-08-01 10:47:20,7021.892480932635
2012-08-01 10:47:09,7022.808619891423
2012-08-01 10:46:59,7024.188979700224
2012-08-01 10:46:50,7026.47322783947
2012-08-01 10:46:39,7027.265249352444
2012-08-01 10:46:30,7029.704405275045
2012-08-01 10:46:19,7030.089476047621
2012-08-01 10:46:09,7030.898102011272
2012-08-01 10:46:00,7031.579572495071
2012-08-01 10:45:49,7032.309089446793
2012-08-01 10:45:40,7033.835211425113
2012-08-01 10:45:30,7035.080831061201
2012-08-01 10:45:19,7035.74581530441
2012-08-01 10:45:10,7036.192721819122
2012-08-01 10:44:59,7037.685781658881
2012-08-01 10:44:50,7042.5891283113215
2012-08-01 10:44:40,7048.28525678157
2012-08-01 10:44:29,7051.155434870941
2012-08-01 10:44:20,7055.54940746777
2012-08-01 10:44:09,7058.178302430993
2012-08-01 10:44:00,7059.875492081498
2012-08-01 10:43:50,7066.6600830030275
2012-08-01 10:43:39,7067.113376455881
2012-08-01 10:43:30,7067.330770870428
2012-08-01 10:43:19,7067.797431805824
2012-08-01 10:43:09,7067.852733078411
2012-08-01 10:43:00,7068.111160423212
2012-08-01 10:42:49,7069.074874186509
2012-08-01 10:42:40,7070.28126435224
2012-08-01 10:42:29,7070.848728706183
2012-08-01 10:42:19,7072.325704367681
2012-08-01 10:42:10,7073.215855134087
2012-08-01 10:41:59,7076.137515917062
2012-08-01 10:41:50,7083.6732704769165
2012-08-01 10:41:39,7091.50008421459
2012-08-01 10:41:29,7096.866394428754
2012-08-01 10:41:20,7101.873961322984
2012-08-01 10:41:09,7107.199445972002
2012-08-01 10:41:00,7114.368082859564
2012-08-01 10:40:50,7119.874753929741
2012-08-01 10:40:39,7125.448730053314
2012-08-01 10:40:30,7128.66812239199
2012-08-01 10:40:19,7129.727640170295
2012-08-01 10:40:10,7129.787256850203
2012-08-01 10:40:00,7132.964504541903
2012-08-01 10:39:49,7134.624066959981
2012-08-01 10:39:40,7136.343105230934
2012-08-01 10:39:29,7136.729560017202
2012-08-01 10:39:20,7141.944962305032
2012-08-01 10:39:10,7146.048298804771
2012-08-01 10:38:59,7147.936963562474
2012-08-01 10:38:50,7151.101845402047
2012-08-01 10:38:39,7154.824043487987
2012-08-01 10:38:29,7159.994868516334
2012-08-01 10:38:20,7161.868965823534
2012-08-01 10:38:09,7164.31387243888
2012-08-01 10:38:00,7165.830942205176
2012-08-01 10:37:49,7170.474362406475
2012-08-01 10:37:39,7172.509936468559
2012-08-01 10:37:30,7175.447145275514
2012-08-01 10:37:19,7177.966594925444
2012-08-01 10:37:10,7181.305943164142
2012-08-01 10:36:59,7185.073085540565
2012-08-01 10:36:49,7187.569219476974
2012-08-01 10:36:40,7191.795649806726
2012-08-01 10:36:29,7196.478429252827
2012-08-01 10:36:20,7199.155170900522
2012-08-01 10:36:10,7199.824503484752
2012-08-01 10:35:59,7200.1230013327195
2012-08-01 10:35:50,7200.350755266233
2012-08-01 10:35:39,7200.813853729312
2012-08-01 10:35:30,7202.453293414496
2012-08-01 10:35:20,7202.896052233569
2012-08-01 10:35:09,7203.723351891394
2012-08-01 10:35:00,7204.817450628573
2012-08-01 10:34:49,7208.68444066286
2012-08-01 10:34:40,7210.468533430915
2012-08-01 10:34:30,7214.329203677805
2012-08-01 10:34:19,7218.3159369731475
2012-08-01 10:34:10,7223.017619752042
2012-08-01 10:33:59,7228.157933132312
2012-08-01 10:33:49,7233.266925839013
2012-08-01 10:33:40,7238.932904915757
2012-08-01 10:33:29,7244.216246166859
2012-08-01 10:33:20,7253.067595403253
2012-08-01 10:33:09,7260.467345029059
2012-08-01 10:32:59,7267.34172694413
2012-08-01 10:32:50,7275.294449821386
2012-08-01 10:32:39,7277.304649709295
2012-08-01 10:32:30,7281.4711820942
2012-08-01 10:32:19,7284.087768949036
2012-08-01 10:32:09,7284.38250305089
2012-08-01 10:32:00,7285.6853229777535
2012-08-01 10:31:49,7287.603621212018
2012-08-01 10:31:40,7288.129400399737
2012-08-01 10:31:30,7290.841843996248
2012-08-01 10:31:19,7291.1204501113
2012-08-01 10:31:10,7291.890591989398
2012-08-01 10:30:59,7293.084153359051
2012-08-01 10:30:50,7295.174795061605
2012-08-01 10:30:40,7298.086704868906
2012-08-01 10:30:29,7303.330918506634
2012-08-01 10:30:20,7306.588807595673
2012-08-01 10:30:09,7310.441399469571
2012-08-01 10:30:00,7311.198275025784
2012-08-01 10:29:50,7313.94262270271
2012-08-01 10:29:39,7314.882114608048
2012-08-01 10:29:30,7318.775580163738
2012-08-01 10:29:19,7324.941029658042
2012-08-01 10:29:09,7329.039508929409
2012-08-01 10:29:00,7330.9809161267185
2012-08-01 10:28:49,7334.672000523407
2012-08-01 10:28:40,7339.492646994726
2012-08-01 10:28:29,7342.434395438421
2012-08-01 10:28:19,7344.414964112515
2012-08-01 10:28:10,7348.451951883319
2012-08-01 10:27:59,7353.562186371455
2012-08-01 10:27:50,7354.823252277963
2012-08-01 10:27:40,7355.274822687293
2012-08-01 10:27:29,7355.706894199293
2012-08-01 10:27:20,7357.1431882451
2012-08-01 10:27:09,7359.727420363769
2012-08-01 10:27:00,7361.836818352993
2012-08-01 10:26:50,7364.449550164553
2012-08-01 10:26:39,7367.180645018119
2012-08-01 10:26:30,7370.634885854375
2012-08-01 10:26:19,7371.407809637768
2012-08-01 10:26:10,7373.462637305599
2012-08-01 10:26:00,7375.39926849199
2012-08-01 10:25:49,7376.718656483533
2012-08-01 10:25:40,7379.992725883559
2012-08-01 10:25:29,7385.177015338432
2012-08-01 10:25:20,7391.143304230012
2012-08-01 10:25:10,7392.360992100825
2012-08-01 10:24:59,7395.947650045455
2012-08-01 10:24:50,7402.505925484712
2012-08-01 10:24:39,7404.562405746134
2012-08-01 10:24:29,7405.566908810461
2012-08-01 10:24:20,7407.048653138451
2012-08-01 10:24:09,7411.805177766355
2012-08-01 10:24:00,7414.691922795839
2012-08-01 10:23:49,7417.234951356702
2012-08-01 10:23:39,7422.813130185131
2012-08-01 10:23:30,7425.624634591697
2012-08-01 10:23:19,7428.911981012049
2012-08-01 10:23:10,7430.549776720481
2012-08-01 10:23:00,7433.504208447989
2012-08-01 10:22:49,7434.887145597589
2012-08-01 10:22:40,7444.563425961689
2012-08-01 10:22:29,7449.681237593327
2012-08-01 10:22:20,7455.511055969767
2012-08-01 10:22:10,7460.460709418965
2012-08-01 10:21:59,7462.522721545194
2012-08-01 10:21:50,7467.851055336174
2012-08-01 10:21:39,7472.205325686775
2012-08-01 10:21:30,7473.3886117028815
2012-08-01 10:21:20,7478.532019532115
2012-08-01 10:21:09,7483.505411819584
2012-08-01 10:21:00,7488.531270184162
2012-08-01 10:20:49,7496.834947693222
2012-08-01 10:20:39,7502.641324330438
2012-08-01 10:20:30,7507.986926415893
2012-08-01 10:20:19,7509.957193998776
2012-08-01 10:20:10,7515.909391196271
2012-08-01 10:19:59,7520.810348952897
2012-08-01 10:19:49,7522.427678805943
2012-08-01 10:19:40,7528.632256288605
2012-08-01 10:19:29,7535.1832392779315
2012-08-01 10:19:20,7538.096978332646
2012-08-01 10:19:09,7539.988412833525
2012-08-01 10:18:59,7542.66038615836
2012-08-01 10:18:50,7545.732845421794
2012-08-01 10:18:39,7546.932471208536
2012-08-01 10:18:30,7548.125640259144
2012-08-01 10:18:20,7548.45825242471
2012-08-01 10:18:09,7551.98873191675
2012-08-01 10:18:00,7554.399249985218
2012-08-01 10:17:49,7555.882405555192
2012-08-01 10:17:40,7558.075822339822
2012-08-01 10:17:30,7562.567848328473
2012-08-01 10:17:19,7565.139972960242
2012-08-01 10:17:10,7565.400379609385
2012-08-01 10:16:59,7568.288495289199
2012-08-01 10:16:50,7568.996995161148
2012-08-01 10:16:40,7569.739939482213
2012-08-01 10:16:29,7573.728481983952
2012-08-01 10:16:20,7575.1252667489
2012-08-01 10:16:09,7577.387354442195
2012-08-01 10:15:59,7582.843567600905
2012-08-01 10:15:50,7585.21790664148
2012-08-01 10:15:39,7587.829013411517
2012-08-01 10:15:30,7589.60617149352
2012-08-01 10:15:19,7595.167928909999
2012-08-01 10:15:09,7599.719568108748
2012-08-01 10:15:00,7607.985544089947
2012-08-01 10:14:49,7611.612265122263
2012-08-01 10:14:40,7614.505622879046
2012-08-01 10:14:29,7620.603092566045
2012-08-01 10:14:19,7622.380611510297
2012-08-01 10:14:10,7623.445593155853
2012-08-01 10:13:59,7632.126698437178
2012-08-01 10:13:50,7635.673694251228
2012-08-01 10:13:40,7636.685297275092
2012-08-01 10:13:29,7645.866698654075
2012-08-01 10:13:20,7650.920666040625
2012-08-01 10:13:09,7660.420662727886
2012-08-01 10:13:00,7668.710417852929
2012-08-01 10:12:50,7674.673698476574
2012-08-01 10:12:39,7675.3034819912655
2012-08-01 10:12:30,7676.420789353577
2012-08-01 10:12:19,7676.941693317594
2012-08-01 10:12:10,7677.641875533961
2012-08-01 10:12:00,7678.559697633099
2012-08-01 10:11:49,7680.264591183696
2012-08-01 10:11:40,7681.850043085787
2012-08-01 10:11:29,7683.678933446769
2012-08-01 10:11:19,7686.490800362322
2012-08-01 10:11:10,7688.854933189524
2012-08-01 10:10:59,7689.485155085392
2012-08-01 10:10:50,7689.953957253356
2012-08-01 10:10:39,7692.42449785858
2012-08-01 10:10:29,7694.406979117662
2012-08-01 10:10:20,7701.556886126589
2012-08-01 10:10:09,7702.053054427569
2012-08-01 10:10:00,7703.223493141386
2012-08-01 10:09:49,7706.629353943845
2012-08-01 10:09:39,7710.512523853219
2012-08-01 10:09:30,7715.693100937195
2012-08-01 10:09:19,7717.005952911441
2012-08-01 10:09:10,7719.740692016746
2012-08-01 10:09:00,7721.131983807484
2012-08-01 10:08:49,7723.530745994008
2012-08-01 10:08:40,7726.106369373879
2012-08-01 10:08:29,7727.792170776534
2012-08-01 10:08:20,7728.567187211242
2012-08-01 10:08:10,7731.1080962565475
2012-08-01 10:07:59,7732.822760543066
2012-08-01 10:07:50,7735.17427036526
2012-08-01 10:07:39,7737.074743489421
2012-08-01 10:07:30,7738.13598190478
2012-08-01 10:07:20,7739.351286272002
2012-08-01 10:07:09,7741.18813571946
2012-08-01 10:07:00,7741.981926219823
2012-08-01 10:06:49,7745.296362849405
2012-08-01 10:06:39,7745.8273096286275
2012-08-01 10:06:30,7746.406043099626
2012-08-01 10:06:19,7746.756562282846
2012-08-01 10:06:10,7749.134095655061
2012-08-01 10:05:59,7751.428399466433
2012-08-01 10:05:49,7755.123969788384
2012-08-01 10:05:40,7756.559508176309
2012-08-01 10:05:29,7757.18048151543
2012-08-01 10:05:20,7760.453999585026
2012-08-01 10:05:10,7763.89099094507
2012-08-01 10:04:59,7766.874838056377
2012-08-01 10:04:50,7769.542755676457
2012-08-01 10:04:39,7770.404575004347
2012-08-01 10:04:30,7775.392406392818
2012-08-01 10:04:20,7775.830576487285
2012-08-01 10:04:09,7777.053344256458
2012-08-01 10:04:00,7780.234388014566
2012-08-01 10:03:49,7782.676145747323
2012-08-01 10:03:40,7789.517609735113
2012-08-01 10:03:30,7794.165916452472
2012-08-01 10:03:19,7802.250665867339
2012-08-01 10:03:10,7803.122597795391
2012-08-01 10:02:59,7806.584473970976
2012-08-01 10:02:50,7812.9456474739245
2012-08-01 10:02:40,7814.415326566817
2012-08-01 10:02:29,7816.301332303751
2012-08-01 10:02:20,7818.146918354005
2012-08-01 10:02:09,7821.015584961716
2012-08-01 10:01:59,7824.01163804988
2012-08-01 10:01:50,7825.65937161387
2012-08-01 10:01:39,7828.085115726033
2012-08-01 10:01:30,7829.147133236413
2012-08-01 10:01:19,7830.616951645567
2012-08-01 10:01:09,7831.413515588697
2012-08-01 10:01:00,7833.665184765778
2012-08-01 10:00:49,7839.0119443441135
2012-08-01 10:00:40,7844.844624665599
2012-08-01 10:00:30,7851.865398144376
2012-08-01 10:00:19,7857.206179126287
2012-08-01 10:00:10,7861.741331428578
2012-08-01 09:59:59,7867.669713422292
2012-08-01 09:59:50,7869.627884310699
2012-08-01 09:59:40,7874.232057628752
2012-08-01 09:59:29,7876.756903312049
2012-08-01 09:59:20,7878.667108477154
2012-08-01 09:59:09,7880.958289113817
2012-08-01 09:59:00,7881.8931808346415
2012-08-01 09:58:50,7883.808482533134
2012-08-01 09:58:39,7885.804002170401
2012-08-01 09:58:30,7889.185151374322
2012-08-01 09:58:19,7889.463370737393
2012-08-01 09:58:09,7890.948405686639
2012-08-01 09:58:00,7892.534405533712
2012-08-01 09:57:49,7895.188522239168
2012-08-01 09:57:40,7897.456835147636
2012-08-01 09:57:29,7898.209821535714
2012-08-01 09:57:19,7900.403966798581
2012-08-01 09:57:10,7901.842660194321
2012-08-01 09:56:59,7903.0015692842035
2012-08-01 09:56:50,7904.065453032356
2012-08-01 09:56:39,7904.3772213977845
2012-08-01 09:56:29,7905.398391144625
2012-08-01 09:56:20,7909.070835462336
2012-08-01 09:56:09,7916.488324947992
2012-08-01 09:56:00,7921.884155188267
2012-08-01 09:55:50,7928.723436127501
2012-08-01 09:55:39,7930.846433118077
2012-08-01 09:55:30,7933.629719360736
2012-08-01 09:55:19,7934.560695431145
2012-08-01 09:55:10,7937.281638255733
2012-08-01 09:55:00,7943.036425524861
2012-08-01 09:54:49,7948.642439106132
2012-08-01 09:54:40,7952.998147485313
2012-08-01 09:54:29,7953.254717064852
2012-08-01 09:54:20,7957.282257015901
2012-08-01 09:54:10,7962.22650338444
2012-08-01 09:53:59,7968.587537661465
2012-08-01 09:53:50,7970.323240874324
2012-08-01 09:53:39,7974.922676349582
2012-08-01 09:53:29,7977.180048979159
2012-08-01 09:53:20,7981.6876969070145
2012-08-01 09:53:09,7984.494898489461
2012-08-01 09:53:00,7985.334878587563
2012-08-01 09:52:49,7986.708064177105
2012-08-01 09:52:39,7988.041615151081
2012-08-01 09:52:30,7990.126718483137
2012-08-01 09:52:19,7990.601997915933
2012-08-01 09:52:10,7991.255986409108
2012-08-01 09:51:59,7991.780973984037
2012-08-01 09:51:49,7992.306135481636
2012-08-01 09:51:40,7994.256144891272
2012-08-01 09:51:29,8002.816332190227
2012-08-01 09:51:20,8011.557947904915
2012-08-01 09:51:10,8022.261542015936
2012-08-01 09:50:59,8024.602968278741
2012-08-01 09:50:50,8026.941353559306
2012-08-01 09:50:39,8034.880777511191
2012-08-01 09:50:30,8043.4791359473475
2012-08-01 09:50:20,8047.1700882657915
2012-08-01 09:50:09,8054.381166996346
2012-08-01 09:50:00,8054.581487306284
2012-08-01 09:49:49,8061.0503801723835
2012-08-01 09:49:40,8068.8791551041095
2012-08-01 09:49:30,8078.270492787964
2012-08-01 09:49:19,8081.513691348493
2012-08-01 09:49:10,8083.263561586067
2012-08-01 09:48:59,8090.747243336076
2012-08-01 09:48:49,8092.762967315093
2012-08-01 09:48:40,8093.1479583712835
2012-08-01 09:48:29,8094.996333726851
2012-08-01 09:48:20,8102.137312096606
2012-08-01 09:48:09,8107.13508162365
2012-08-01 09:47:59,8114.935135203575
2012-08-01 09:47:50,8122.924731451231
2012-08-01 09:47:39,8127.150435798764
2012-08-01 09:47:30,8134.66060137604
2012-08-01 09:47:19,8141.760504502595
2012-08-01 09:47:09,8148.75235168002
2012-08-01 09:47:00,8155.905933313203
2012-08-01 09:46:49,8163.278673703177
2012-08-01 09:46:40,8164.120721013523
2012-08-01 09:46:30,8168.968071185267
2012-08-01 09:46:19,8178.880417918742
2012-08-01 09:46:10,8187.366704382637
2012-08-01 09:45:59,8197.583482254418
2012-08-01 09:45:50,8200.767215875203
2012-08-01 09:45:40,8209.942541866114
2012-08-01 09:45:29,8219.294335205079
2012-08-01 09:45:20,8227.777015391728
2012-08-01 09:45:09,8241.056908881343
2012-08-01 09:45:00,8249.274470392831
2012-08-01 09:44:50,8258.884430256136
2012-08-01 09:44:39,8267.608841460724
2012-08-01 09:44:30,8273.769612587937
2012-08-01 09:44:19,8285.264344904606
2012-08-01 09:44:09,8294.511156809362
2012-08-01 09:44:00,8298.31720820125
2012-08-01 09:43:49,8299.718256494387
2012-08-01 09:43:40,8303.711541668084
2012-08-01 09:43:29,8309.635861952567
2012-08-01 09:43:19,8318.77228024997
2012-08-01 09:43:10,8326.90710496545
2012-08-01 09:42:59,8332.2455861423
2012-08-01 09:42:50,8342.690207238975
2012-08-01 09:42:40,8349.817725468776
2012-08-01 09:42:29,8358.357150151505
2012-08-01 09:42:20,8366.210868742915
2012-08-01 09:42:09,8372.172378180374
2012-08-01 09:42:00,8379.86573998428
2012-08-01 09:41:50,8384.407691652723
2012-08-01 09:41:39,8393.94560415397
2012-08-01 09:41:30,8400.385645642926
2012-08-01 09:41:19,8405.011711578683
2012-08-01 09:41:10,8409.623731357688
2012-08-01 09:41:00,8417.447665160156
2012-08-01 09:40:49,8423.282067468985
2012-08-01 09:40:40,8426.994638851213
2012-08-01 09:40:29,8431.768850489183
2012-08-01 09:40:20,8439.031621740787
2012-08-01 09:40:10,8446.53776080896
2012-08-01 09:39:59,8452.142460219578
2012-08-01 09:39:50,8457.698725725482
2012-08-01 09:39:39,8465.37084330493
2012-08-01 09:39:29,8466.045889466945
2012-08-01 09:39:20,8473.367741842325
2012-08-01 09:39:09,8480.653309316342
2012-08-01 09:39:00,8487.500717186576
2012-08-01 09:38:49,8494.689119101602
2012-08-01 09:38:39,8501.90060851666
2012-08-01 09:38:30,8509.62481886787
2012-08-01 09:38:19,8515.901699713624
2012-08-01 09:38:10,8521.780671859518
2012-08-01 09:38:00,8530.87948148064
2012-08-01 09:37:49,8537.168622911804
2012-08-01 09:37:40,8542.589167137461
2012-08-01 09:37:29,8547.343692910354
2012-08-01 09:37:20,8553.890276251264
2012-08-01 09:37:10,8559.149320451186
2012-08-01 09:36:59,8565.653457986604
2012-08-01 09:36:50,8571.682579586624
2012-08-01 09:36:39,8578.811868514684
2012-08-01 09:36:30,8583.388647628024
2012-08-01 09:36:20,8590.088552518811
2012-08-01 09:36:09,8597.07795300588
2012-08-01 09:36:00,8604.932924371806
2012-08-01 09:35:49,8612.350930540499
2012-08-01 09:35:39,8618.487885896951
2012-08-01 09:35:30,8622.309460858067
2012-08-01 09:35:19,8630.786941337348
2012-08-01 09:35:10,8638.322344991584
2012-08-01 09:34:59,8646.194182488423
2012-08-01 09:34:49,8652.41368112171
2012-08-01 09:34:40,8655.259214317268
2012-08-01 09:34:29,8663.635799098067
2012-08-01 09:34:20,8671.1033525868
2012-08-01 09:34:09,8679.833003056381
2012-08-01 09:33:59,8681.7909039914
2012-08-01 09:33:50,8688.04888071595
2012-08-01 09:33:39,8693.606072541766
2012-08-01 09:33:30,8694.718815741906
2012-08-01 09:33:20,8697.309679767459
2012-08-01 09:33:09,8702.482084621588
2012-08-01 09:33:00,8704.666727210399
2012-08-01 09:32:49,8706.910782799878
2012-08-01 09:32:40,8710.076524711001
2012-08-01 09:32:30,8715.827168909724
2012-08-01 09:32:19,8723.719318830823
2012-08-01 09:32:10,8727.04843776733
2012-08-01 09:31:59,8733.660135164211
2012-08-01 09:31:50,8736.917063487881
2012-08-01 09:31:40,8739.240766954734
2012-08-01 09:31:29,8739.98085008231
2012-08-01 09:31:20,8740.632324639571
2012-08-01 09:31:09,8740.838542324396
2012-08-01 09:30:59,8741.24539491593
2012-08-01 09:30:50,8743.406973532556
2012-08-01 09:30:39,8744.993116419431
2012-08-01 09:30:30,8747.07203344319
2012-08-01 09:30:19,8752.596690002289
2012-08-01 09:30:09,8758.561786277567
2012-08-01 09:30:00,8765.611470689062
2012-08-01 09:29:49,8773.036934412801
2012-08-01 09:29:40,8776.990743377668
2012-08-01 09:29:29,8784.420376070258
2012-08-01 09:29:19,8787.265909546684
2012-08-01 09:29:10,8787.820511704325
2012-08-01 09:28:59,8789.251947473873
2012-08-01 09:28:50,8789.962089658486
2012-08-01 09:28:40,8791.068422534898
2012-08-01 09:28:29,8793.476515460567
2012-08-01 09:28:20,8794.306958594028
2012-08-01 09:28:09,8795.849624639548
2012-08-01 09:28:00,8796.903238235951
2012-08-01 09:27:50,8798.034555075912
2012-08-01 09:27:39,8799.183136624846
2012-08-01 09:27:30,8800.179303707442
2012-08-01 09:27:19,8801.365783028135
2012-08-01 09:27:10,8803.140636084023
2012-08-01 09:27:00,8803.886982791735
2012-08-01 09:26:49,8804.591264319006
2012-08-01 09:26:40,8808.668972135614
2012-08-01 09:26:29,8814.949075565724
2012-08-01 09:26:19,8819.055002090367
2012-08-01 09:26:10,8823.774994444751
2012-08-01 09:25:59,8827.49679620375
2012-08-01 09:25:50,8832.354494563055
2012-08-01 09:25:39,8838.07847251793
2012-08-01 09:25:29,8843.099689320738
2012-08-01 09:25:20,8843.904277856205
2012-08-01 09:25:09,8854.319110121354
2012-08-01 09:25:00,8856.727018499447
2012-08-01 09:24:49,8861.126354648868
2012-08-01 09:24:39,8865.349159281208
2012-08-01 09:24:30,8865.924725032759
2012-08-01 09:24:19,8866.82943203186
2012-08-01 09:24:10,8867.456501798139
2012-08-01 09:24:00,8872.637428091924
2012-08-01 09:23:49,8875.786421381914
2012-08-01 09:23:40,8880.246215673786
2012-08-01 09:23:29,8887.379094071985
2012-08-01 09:23:20,8887.876869797306
2012-08-01 09:23:10,8888.849827930193
2012-08-01 09:22:59,8893.550567956318
2012-08-01 09:22:50,8896.238135307092
2012-08-01 09:22:39,8896.957770609486
2012-08-01 09:22:30,8897.578620922839
2012-08-01 09:22:20,8898.705726858765
2012-08-01 09:22:09,8898.745687936553
2012-08-01 09:22:00,8899.645193432476
2012-08-01 09:21:49,8899.769516438513
2012-08-01 09:21:39,8900.1828041153
2012-08-01 09:21:30,8900.743755705871
2012-08-01 09:21:19,8903.124471169705
2012-08-01 09:21:10,8904.372196606493
2012-08-01 09:20:59,8906.230858297455
2012-08-01 09:20:49,8906.33311988491
2012-08-01 09:20:40,8906.65183052466
2012-08-01 09:20:29,8906.99756555494
2012-08-01 09:20:20,8908.194952569533
2012-08-01 09:20:10,8909.210532794652
2012-08-01 09:19:59,8910.090261862286
2012-08-01 09:19:50,8911.263127910555
2012-08-01 09:19:39,8911.41248213696
2012-08-01 09:19:30,8911.780664591353
2012-08-01 09:19:20,8912.153183525868
2012-08-01 09:19:09,8914.322560188864
2012-08-01 09:19:00,8915.793575811098
2012-08-01 09:18:49,8916.780946082783
2012-08-01 09:18:40,8919.036062838075
2012-08-01 09:18:30,8920.93492945281
2012-08-01 09:18:19,8922.25115055354
2012-08-01 09:18:10,8924.160488638727
2012-08-01 09:17:59,8927.191549835572
2012-08-01 09:17:50,8928.47974239154
2012-08-01 09:17:40,8930.030742418801
2012-08-01 09:17:29,8931.50056489795
2012-08-01 09:17:20,8933.850591130407
2012-08-01 09:17:09,8936.921213295274
2012-08-01 09:16:59,8937.788463019804
2012-08-01 09:16:50,8938.559391797957
2012-08-01 09:16:39,8939.287469621944
2012-08-01 09:16:30,8939.944664767218
2012-08-01 09:16:19,8941.334012567102
2012-08-01 09:16:09,8943.003521121374
2012-08-01 09:16:00,8945.85352903101
2012-08-01 09:15:49,8946.840819040168
2012-08-01 09:15:40,8947.400807357446
2012-08-01 09:15:30,8948.363544068716
2012-08-01 09:15:19,8949.69306496448
2012-08-01 09:15:10,8952.192447302932
2012-08-01 09:14:59,8953.916285202424
2012-08-01 09:14:50,8954.642154509917
2012-08-01 09:14:40,8957.28917984703
2012-08-01 09:14:29,8960.62845790608
2012-08-01 09:14:20,8964.793421805149
2012-08-01 09:14:09,8966.780206460624
2012-08-01 09:14:00,8970.777263615535
2012-08-01 09:13:50,8971.62672175443
2012-08-01 09:13:39,8973.369798764621
2012-08-01 09:13:30,8974.805858073854
2012-08-01 09:13:19,8976.806244932472
2012-08-01 09:13:09,8978.514077320122
2012-08-01 09:13:00,8980.70118521109
2012-08-01 09:12:49,8983.060497063223
2012-08-01 09:12:40,8984.468974157473
2012-08-01 09:12:29,8985.844354237517
2012-08-01 09:12:19,8988.110379462003
2012-08-01 09:12:10,8989.808823490494
2012-08-01 09:11:59,8990.909435346717
2012-08-01 09:11:50,8992.626576669532
2012-08-01 09:11:39,8993.451252307092
2012-08-01 09:11:29,8994.006874180206
2012-08-01 09:11:20,8995.396311713948
2012-08-01 09:11:09,8996.532257680308
2012-08-01 09:11:00,8997.154130743143
2012-08-01 09:10:50,8999.390212215996
2012-08-01 09:10:39,9002.231157320806
2012-08-01 09:10:30,9004.24049271058
2012-08-01 09:10:19,9004.54934367886
2012-08-01 09:10:10,9006.207972357908
2012-08-01 09:10:00,9007.643556506302
2012-08-01 09:09:49,9007.960641092373
2012-08-01 09:09:40,9008.56687431831
2012-08-01 09:09:29,9008.872012724452
2012-08-01 09:09:20,9009.98684285839
2012-08-01 09:09:10,9010.56255109287
2012-08-01 09:08:59,9011.801656389955
2012-08-01 09:08:50,9013.225272717154
2012-08-01 09:08:39,9014.564626094812
2012-08-01 09:08:29,9015.096617283563
2012-08-01 09:08:20,9015.51200720413
2012-08-01 09:08:09,9016.975437085774
2012-08-01 09:08:00,9017.095320317652
2012-08-01 09:07:49,9017.38425184065
2012-08-01 09:07:39,9017.6215404839
2012-08-01 09:07:30,9018.194948685385
2012-08-01 09:07:19,9018.458533453226
2012-08-01 09:07:10,9019.180164626274
2012-08-01 09:06:59,9019.295701667765
2012-08-01 09:06:49,9019.439628725771
2012-08-01 09:06:40,9019.609280337849
2012-08-01 09:06:29,9020.19791963037
2012-08-01 09:06:20,9020.615815421343
2012-08-01 09:06:10,9021.557892519266
2012-08-01 09:05:59,9022.747912699133
2012-08-01 09:05:50,9023.373041671173
2012-08-01 09:05:39,9023.739841672694
2012-08-01 09:05:30,9023.921697983213
2012-08-01 09:05:20,9025.190147808142
2012-08-01 09:05:09,9027.059194530284
2012-08-01 09:05:00,9028.680514220056
2012-08-01 09:04:49,9029.740863214147
2012-08-01 09:04:40,9031.334265935548
2012-08-01 09:04:30,9033.989475770763
2012-08-01 09:04:19,9036.972404853102
2012-08-01 09:04:10,9039.05974031906
2012-08-01 09:03:59,9041.324222266272
2012-08-01 09:03:49,9047.528166482409
2012-08-01 09:03:40,9051.77505376529
2012-08-01 09:03:29,9053.66264509727
2012-08-01 09:03:20,9057.00750937414
2012-08-01 09:03:09,9058.13860588886
2012-08-01 09:02:59,9059.988070512305
2012-08-01 09:02:50,9062.9657646704
2012-08-01 09:02:39,9063.41782832341
2012-08-01 09:02:30,9064.259073471125
2012-08-01 09:02:19,9065.093653533519
2012-08-01 09:02:09,9068.20202531503
2012-08-01 09:02:00,9071.856137103785
2012-08-01 09:01:49,9074.25768132366
2012-08-01 09:01:40,9075.841221514798
2012-08-01 09:01:30,9078.43415422482
2012-08-01 09:01:19,9079.781617112596
2012-08-01 09:01:10,9080.40815054948
2012-08-01 09:00:59,9082.197624310487
2012-08-01 09:00:50,9082.750750668127
2012-08-01 09:00:40,9085.182145866052
2012-08-01 09:00:29,9089.599297494586
2012-08-01 09:00:20,9091.858804287791
2012-08-01 09:00:09,9094.47541969318
2012-08-01 09:00:00,9097.573568582398
2012-08-01 08:59:50,9097.857301524835
2012-08-01 08:59:39,9098.279549194507
2012-08-01 08:59:30,9098.856768092257
2012-08-01 08:59:19,9099.072501035425
2012-08-01 08:59:09,9099.552519059698
2012-08-01 08:59:00,9101.40779816481
2012-08-01 08:58:49,9101.733342252945
2012-08-01 08:58:40,9102.791491041871
2012-08-01 08:58:29,9105.597435450403
2012-08-01 08:58:19,9106.107873120787
2012-08-01 08:58:10,9108.857008424524
2012-08-01 08:57:59,9110.033433847373
2012-08-01 08:57:50,9112.582083259564
2012-08-01 08:57:40,9114.985839300092
2012-08-01 08:57:29,9120.726534357012
2012-08-01 08:57:20,9129.083400417008
2012-08-01 08:57:09,9139.56595783364
2012-08-01 08:57:00,9140.564620726786
2012-08-01 08:56:50,9142.439500135473
2012-08-01 08:56:39,9143.196757753132
2012-08-01 08:56:30,9143.888073801116
2012-08-01 08:56:19,9145.434807342628
2012-08-01 08:56:10,9146.070347114943
2012-08-01 08:56:00,9147.537700366383
2012-08-01 08:55:49,9149.831873771313
2012-08-01 08:55:40,9157.651150089026
2012-08-01 08:55:29,9164.357021929198
2012-08-01 08:55:20,9171.829720401161
2012-08-01 08:55:10,9175.58801011426
2012-08-01 08:54:59,9177.894790451199
2012-08-01 08:54:50,9183.512995281038
2012-08-01 08:54:39,9186.509856993356
2012-08-01 08:54:29,9187.000967576434
2012-08-01 08:54:20,9187.377609430538
2012-08-01 08:54:09,9188.00928582839
2012-08-01 08:54:00,9188.354810881341
2012-08-01 08:53:49,9188.90808492405
2012-08-01 08:53:39,9191.016847605486
2012-08-01 08:53:30,9191.849024954718
2012-08-01 08:53:19,9193.170382948936
2012-08-01 08:53:10,9195.388042480847
2012-08-01 08:53:00,9196.218486033236
2012-08-01 08:52:49,9196.936313129981
2012-08-01 08:52:40,9198.003954405522
2012-08-01 08:52:29,9198.708236269676
2012-08-01 08:52:20,9202.145503404156
2012-08-01 08:52:10,9203.281537676581
2012-08-01 08:51:59,9205.117186526408
2012-08-01 08:51:50,9205.7966426788
2012-08-01 08:51:39,9206.548046724836
2012-08-01 08:51:30,9208.149516124668
2012-08-01 08:51:20,9208.897484445217
2012-08-01 08:51:09,9209.370346442176
2012-08-01 08:51:00,9211.223077522438
2012-08-01 08:50:49,9212.047463910127
2012-08-01 08:50:39,9216.075548282004
2012-08-01 08:50:30,9217.42701032625
2012-08-01 08:50:19,9218.755411879463
2012-08-01 08:50:10,9219.718148663871
2012-08-01 08:49:59,9220.971258264375
2012-08-01 08:49:49,9223.505236088926
2012-08-01 08:49:40,9223.919585463407
2012-08-01 08:49:29,9225.101252544646
2012-08-01 08:49:20,9226.615238878841
2012-08-01 08:49:09,9226.832633915335
2012-08-01 08:48:59,9227.165882948058
2012-08-01 08:48:50,9228.072797658922
2012-08-01 08:48:39,9229.336261976807
2012-08-01 08:48:30,9230.719999800753
2012-08-01 08:48:20,9232.739117517604
2012-08-01 08:48:09,9233.664232144904
2012-08-01 08:48:00,9234.64248324334
2012-08-01 08:47:49,9235.880847998269
2012-08-01 08:47:40,9237.21951574291
2012-08-01 08:47:30,9238.72705118931
2012-08-01 08:47:19,9239.892328715083
2012-08-01 08:47:10,9241.322162009066
2012-08-01 08:46:59,9241.79369577072
2012-08-01 08:46:50,9242.296260073965
2012-08-01 08:46:40,9243.937563795742
2012-08-01 08:46:29,9246.083629104978
2012-08-01 08:46:20,9247.643887058754
2012-08-01 08:46:09,9248.872038310301
2012-08-01 08:45:59,9252.497235068453
2012-08-01 08:45:50,9254.574037030216
2012-08-01 08:45:39,9258.343748020718
2012-08-01 08:45:30,9258.711930509033
2012-08-01 08:45:19,9259.366244195455
2012-08-01 08:45:09,9261.039069676253
2012-08-01 08:45:00,9264.027412390404
2012-08-01 08:44:49,9265.30683299934
2012-08-01 08:44:40,9265.495988318931
2012-08-01 08:44:29,9266.486969020467
2012-08-01 08:44:19,9267.408329653284
2012-08-01 08:44:10,9268.47780333089
2012-08-01 08:43:59,9270.184165628027
2012-08-01 08:43:50,9270.791079249848
2012-08-01 08:43:40,9271.244755975104
2012-08-01 08:43:29,9273.101113142266
2012-08-01 08:43:20,9273.575690495694
2012-08-01 08:43:09,9276.734111090063
2012-08-01 08:43:00,9281.488643023113
2012-08-01 08:42:50,9282.55534249249
2012-08-01 08:42:39,9283.987249739355
2012-08-01 08:42:30,9284.82807098703
2012-08-01 08:42:19,9285.779028871137
2012-08-01 08:42:10,9286.507567812823
2012-08-01 08:42:00,9287.690989200259
2012-08-01 08:41:49,9287.989487750345
2012-08-01 08:41:40,9288.077970047341
2012-08-01 08:41:29,9288.268939083286
2012-08-01 08:41:19,9290.599436543751
2012-08-01 08:41:10,9290.8630213436
2012-08-01 08:40:59,9292.662466278194
2012-08-01 08:40:50,9294.639373310114
2012-08-01 08:40:39,9299.655569654455
2012-08-01 08:40:29,9304.06963864316
2012-08-01 08:40:20,9305.059814786493
2012-08-01 08:40:09,9305.422770423707
2012-08-01 08:40:00,9306.112505327672
2012-08-01 08:39:49,9306.952253433059
2012-08-01 08:39:39,9308.163026201957
2012-08-01 08:39:30,9308.99350432279
2012-08-01 08:39:19,9310.196339996302
2012-08-01 08:39:10,9311.900812645072
2012-08-01 08:39:00,9312.646383530811
2012-08-01 08:38:49,9314.198694346347
2012-08-01 08:38:40,9314.40675215297
2012-08-01 08:38:29,9315.537848784594
2012-08-01 08:38:20,9316.267781828627
2012-08-01 08:38:10,9318.200294342774
2012-08-01 08:37:59,9319.65095799185
2012-08-01 08:37:50,9322.451409212617
2012-08-01 08:37:39,9324.350122781565
2012-08-01 08:37:30,9325.583538612189
2012-08-01 08:37:20,9326.730819135964
2012-08-01 08:37:09,9328.305363906158
2012-08-01 08:37:00,9330.586416267251
2012-08-01 08:36:49,9334.549469005564
2012-08-01 08:36:39,9335.243732643241
2012-08-01 08:36:30,9339.475733407906
2012-08-01 08:36:19,9342.0000899647
2012-08-01 08:36:10,9343.07575498854
2012-08-01 08:35:59,9344.048342906282
2012-08-01 08:35:49,9345.762207324946
2012-08-01 08:35:40,9346.435897404894
2012-08-01 08:35:29,9347.509964266901
2012-08-01 08:35:20,9348.80051915836
2012-08-01 08:35:10,9350.00550320059
2012-08-01 08:34:59,9350.416974749742
2012-08-01 08:34:50,9351.128872501298
2012-08-01 08:34:39,9352.542041155146
2012-08-01 08:34:30,9353.57871023393
2012-08-01 08:34:20,9356.038735567818
2012-08-01 08:34:09,9357.595611586192
2012-08-01 08:34:00,9358.961206923823
2012-08-01 08:33:49,9361.337914028538
2012-08-01 08:33:40,9362.781965449409
2012-08-01 08:33:30,9364.43560999957
2012-08-01 08:33:19,9366.197786698192
2012-08-01 08:33:10,9368.155064588533
2012-08-01 08:32:59,9370.346510867303
2012-08-01 08:32:50,9374.372387341386
2012-08-01 08:32:40,9376.513844611522
2012-08-01 08:32:29,9378.95393000149
2012-08-01 08:32:20,9381.844321593244
2012-08-01 08:32:09,9383.15928193716
2012-08-01 08:31:59,9384.749739757044
2012-08-01 08:31:50,9388.580697892256
2012-08-01 08:31:39,9389.588255658275
2012-08-01 08:31:30,9391.128807961853
2012-08-01 08:31:19,9392.542945735344
2012-08-01 08:31:09,9394.883037580346
2012-08-01 08:31:00,9396.334724687898
2012-08-01 08:30:49,9397.400448203543
2012-08-01 08:30:40,9400.231324007174
2012-08-01 08:30:30,9402.277545235764
2012-08-01 08:30:19,9404.25189478125
2012-08-01 08:30:10,9408.082601449567
2012-08-01 08:29:59,9410.350221910327
2012-08-01 08:29:50,9413.395117884986
2012-08-01 08:29:40,9415.117588781699
2012-08-01 08:29:29,9418.01667797794
2012-08-01 08:29:20,9418.58774268786
2012-08-01 08:29:09,9419.76196147869
2012-08-01 08:29:00,9421.869498835658
2012-08-01 08:28:50,9423.037857642295
2012-08-01 08:28:39,9424.892300594563
2012-08-01 08:28:30,9426.923226069777
2012-08-01 08:28:19,9430.230149692825
2012-08-01 08:28:09,9433.14057577159
2012-08-01 08:28:00,9437.498519923556
2012-08-01 08:27:49,9443.276722963923
2012-08-01 08:27:40,9448.392572796172
2012-08-01 08:27:29,9457.693883704591
2012-08-01 08:27:19,9468.697354230258
2012-08-01 08:27:10,9475.46205708431
2012-08-01 08:26:59,9479.625438020661
2012-08-01 08:26:50,9482.851650912606
2012-08-01 08:26:39,9485.109107142414
2012-08-01 08:26:29,9489.123465191498
2012-08-01 08:26:20,9495.728791518512
2012-08-01 08:26:09,9498.593327176572
2012-08-01 08:26:00,9500.476536581484
2012-08-01 08:25:50,9502.714700335395
2012-08-01 08:25:39,9504.660121749583
2012-08-01 08:25:30,9514.154780488285
2012-08-01 08:25:19,9528.276727943407
2012-08-01 08:25:10,9539.418652277009
2012-08-01 08:25:00,9549.885900093679
2012-08-01 08:24:49,9561.462528826834
2012-08-01 08:24:40,9572.012797558198
2012-08-01 08:24:29,9576.10837983563
2012-08-01 08:24:20,9586.505323132997
2012-08-01 08:24:10,9595.70080725648
2012-08-01 08:23:59,9604.976116880007
2012-08-01 08:23:50,9613.106718862486
2012-08-01 08:23:39,9625.344316021852
2012-08-01 08:23:29,9635.688475131054
2012-08-01 08:23:20,9645.54850286789
2012-08-01 08:23:09,9652.786430009182
2012-08-01 08:23:00,9664.76378958466
2012-08-01 08:22:49,9673.026758916592
2012-08-01 08:22:39,9683.336558565743
2012-08-01 08:22:30,9699.495766451802
2012-08-01 08:22:19,9732.10952199359
2012-08-01 08:22:10,9743.81025510459
2012-08-01 08:21:59,9754.618182017422
2012-08-01 08:21:49,9765.388373600266
2012-08-01 08:21:40,9797.378170659771
2012-08-01 08:21:29,9811.977389211626
2012-08-01 08:21:20,9823.201759750853
2012-08-01 08:21:10,9833.77676708796
2012-08-01 08:20:59,9847.007577973764
2012-08-01 08:20:50,9857.34703447514
2012-08-01 08:20:39,9865.577915134252
2012-08-01 08:20:30,9877.906897329052
2012-08-01 08:20:20,9886.632210315269
2012-08-01 08:20:09,9897.577331502127
2012-08-01 08:20:00,9907.05258359267
2012-08-01 08:19:49,9915.71074931944
2012-08-01 08:19:40,9925.287431592438
2012-08-01 08:19:30,9934.562173665705
2012-08-01 08:19:19,9965.014439504288
2012-08-01 08:19:10,9973.98308185049
2012-08-01 08:18:59,9985.688858309271
2012-08-01 08:18:49,9994.388923256249
2012-08-01 08:18:40,9997.216525551676
2012-08-01 08:18:29,10005.292516959225
2012-08-01 08:18:20,10024.764498011249
2012-08-01 08:18:09,10036.011801277042
2012-08-01 08:17:59,10042.470359906501
2012-08-01 08:17:50,10060.10832152152
2012-08-01 08:17:39,10068.505387800671
2012-08-01 08:17:30,10076.543893289321
2012-08-01 08:17:19,10082.070291083513
2012-08-01 08:17:09,10085.628168834708
2012-08-01 08:17:00,10092.954064996016
2012-08-01 08:16:49,10099.765218636672
2012-08-01 08:16:40,10106.160566134673
2012-08-01 08:16:30,10115.449746790655
2012-08-01 08:16:19,10122.441454497444
2012-08-01 08:16:10,10123.570963749244
2012-08-01 08:15:59,10131.003627089454
2012-08-01 08:15:50,10139.348634513975
2012-08-01 08:15:40,10147.77988133321
2012-08-01 08:15:29,10155.292553183092
2012-08-01 08:15:20,10166.29487011599
2012-08-01 08:15:09,10171.57006509828
2012-08-01 08:15:00,10177.556572508316
2012-08-01 08:14:50,10179.391801958458
2012-08-01 08:14:39,10181.985433393462
2012-08-01 08:14:30,10184.830268234971
2012-08-01 08:14:19,10186.990506270262
2012-08-01 08:14:09,10189.769206998484
2012-08-01 08:14:00,10191.43885096503
2012-08-01 08:13:49,10192.707228076393
2012-08-01 08:13:40,10194.138347951928
2012-08-01 08:13:29,10195.648635203923
2012-08-01 08:13:19,10198.167421302209
2012-08-01 08:13:10,10201.022532369228
2012-08-01 08:12:59,10201.494196859041
2012-08-01 08:12:50,10205.550754005939
2012-08-01 08:12:40,10208.517082503075
2012-08-01 08:12:29,10208.72840528946
2012-08-01 08:12:20,10209.951485422167
2012-08-01 08:12:09,10210.796776572854
2012-08-01 08:12:00,10211.817132279526
2012-08-01 08:11:50,10213.977284210929
2012-08-01 08:11:39,10214.553582834125
2012-08-01 08:11:30,10215.783397794052
2012-08-01 08:11:19,10216.436834240729
2012-08-01 08:11:10,10217.186862688797
2012-08-01 08:11:00,10217.571098447996
2012-08-01 08:10:49,10221.350054049624
2012-08-01 08:10:40,10223.176298203658
2012-08-01 08:10:29,10224.821769344004
2012-08-01 08:10:20,10225.460729546436
2012-08-01 08:10:10,10226.863795983518
2012-08-01 08:09:59,10227.46547401667
2012-08-01 08:09:50,10228.13684105252
2012-08-01 08:09:39,10228.626890613166
2012-08-01 08:09:29,10229.03100279475
2012-08-01 08:09:20,10230.994803627598
2012-08-01 08:09:09,10231.199537125638
2012-08-01 08:09:00,10233.068475031941
2012-08-01 08:08:49,10233.594717547561
2012-08-01 08:08:39,10234.111192748946
2012-08-01 08:08:30,10236.820013803686
2012-08-01 08:08:19,10237.388032784553
2012-08-01 08:08:10,10241.954663522969
2012-08-01 08:08:00,10243.325762115566
2012-08-01 08:07:49,10245.377417873553
2012-08-01 08:07:40,10247.135068314758
2012-08-01 08:07:29,10247.543082281329
2012-08-01 08:07:20,10249.365996496545
2012-08-01 08:07:10,10250.011230756541
2012-08-01 08:06:59,10250.789366783401
2012-08-01 08:06:50,10253.744307602563
2012-08-01 08:06:39,10260.47239360836
2012-08-01 08:06:30,10261.711420242944
2012-08-01 08:06:20,10261.869041436865
2012-08-01 08:06:09,10263.70366507416
2012-08-01 08:06:00,10264.6220748272
2012-08-01 08:05:49,10266.826077093634
2012-08-01 08:05:39,10269.834732574218
2012-08-01 08:05:30,10272.59469139664
2012-08-01 08:05:19,10275.65929261081
2012-08-01 08:05:10,10279.37308243247
2012-08-01 08:04:59,10280.822656398223
2012-08-01 08:04:49,10281.480518776054
2012-08-01 08:04:40,10282.275508650158
2012-08-01 08:04:29,10282.926817077248
2012-08-01 08:04:20,10285.266987912666
2012-08-01 08:04:09,10289.151497673418
2012-08-01 08:03:59,10289.519606465641
2012-08-01 08:03:50,10294.578284178315
2012-08-01 08:03:39,10296.848923566144
2012-08-01 08:03:30,10301.594307759937
2012-08-01 08:03:20,10303.44533450509
2012-08-01 08:03:09,10304.304654113577
2012-08-01 08:03:00,10305.59156614789
2012-08-01 08:02:49,10307.500428935178
2012-08-01 08:02:40,10307.533609903798
2012-08-01 08:02:30,10308.304761671534
2012-08-01 08:02:19,10309.339400344688
2012-08-01 08:02:10,10309.84669070897
2012-08-01 08:01:59,10314.038065913199
2012-08-01 08:01:50,10315.117269120668
2012-08-01 08:01:40,10317.927150106854
2012-08-01 08:01:29,10318.897442157298
2012-08-01 08:01:20,10319.419600619733
2012-08-01 08:01:09,10320.421728141368
2012-08-01 08:00:59,10321.116404499206
2012-08-01 08:00:50,10322.775504658926
2012-08-01 08:00:39,10323.840270353601
2012-08-01 08:00:30,10325.174947723093
2012-08-01 08:00:19,10326.234394980815
2012-08-01 08:00:09,10328.497084440081
2012-08-01 08:00:00,10329.820315541965
2012-08-01 07:59:49,10330.994394183877
2012-08-01 07:59:40,10331.56429175636
2012-08-01 07:59:29,10331.965749163966
2012-08-01 07:59:19,10332.733132841082
2012-08-01 07:59:10,10334.884251691707
2012-08-01 07:58:59,10336.076480688966
2012-08-01 07:58:50,10337.079131651599
2012-08-01 07:58:40,10338.701080172366
2012-08-01 07:58:29,10339.071032617983
2012-08-01 07:58:20,10339.676474535936
2012-08-01 07:58:09,10340.024580166608
2012-08-01 07:58:00,10341.43884730051
2012-08-01 07:57:50,10342.10838972811
2012-08-01 07:57:39,10346.160830422603
2012-08-01 07:57:30,10348.388920054487
2012-08-01 07:57:19,10350.466865460698
2012-08-01 07:57:10,10351.183365271498
2012-08-01 07:57:00,10353.269941965773
2012-08-01 07:56:49,10355.300245633673
2012-08-01 07:56:40,10356.461393411391
2012-08-01 07:56:29,10357.079002178094
2012-08-01 07:56:19,10357.591565735305
2012-08-01 07:56:10,10359.151397805112
2012-08-01 07:55:59,10360.941694005585
2012-08-01 07:55:50,10362.821128453481
2012-08-01 07:55:39,10365.120087711426
2012-08-01 07:55:29,10367.167302756014
2012-08-01 07:55:20,10370.953230346791
2012-08-01 07:55:09,10375.045630892539
2012-08-01 07:55:00,10376.492911666475
2012-08-01 07:54:49,10376.866159680281
2012-08-01 07:54:39,10377.282881919495
2012-08-01 07:54:30,10377.714349309428
2012-08-01 07:54:19,10378.252742425952
2012-08-01 07:54:10,10378.778984941218
2012-08-01 07:54:00,10378.812388899012
2012-08-01 07:53:49,10380.858787035875
2012-08-01 07:53:40,10383.831102968732
2012-08-01 07:53:29,10386.83154784241
2012-08-01 07:53:20,10388.712646845419
2012-08-01 07:53:10,10390.438836975314
2012-08-01 07:52:59,10391.790436845455
2012-08-01 07:52:50,10392.81969074814
2012-08-01 07:52:39,10394.070746607611
2012-08-01 07:52:30,10395.30569206044
2012-08-01 07:52:20,10397.944383140222
2012-08-01 07:52:09,10400.050923531786
2012-08-01 07:52:00,10400.853838356614
2012-08-01 07:51:49,10402.337766336355
2012-08-01 07:51:39,10403.008130469194
2012-08-01 07:51:30,10404.840042865928
2012-08-01 07:51:19,10405.372754529406
2012-08-01 07:51:10,10405.931242257306
2012-08-01 07:50:59,10408.406683801297
2012-08-01 07:50:49,10409.396863225145
2012-08-01 07:50:40,10409.551707746155
2012-08-01 07:50:29,10411.277962837336
2012-08-01 07:50:20,10414.458305866036
2012-08-01 07:50:10,10416.922981486648
2012-08-01 07:49:59,10418.858747266022
2012-08-01 07:49:50,10421.647789353407
2012-08-01 07:49:39,10423.37615234329
2012-08-01 07:49:30,10424.699383444122
2012-08-01 07:49:20,10426.157867497122
2012-08-01 07:49:09,10426.716865874145
2012-08-01 07:49:00,10428.304992502575
2012-08-01 07:48:49,10428.928925317949
2012-08-01 07:48:40,10431.95771885728
2012-08-01 07:48:30,10433.808676957815
2012-08-01 07:48:19,10435.225595400954
2012-08-01 07:48:10,10435.790270913498
2012-08-01 07:47:59,10436.859452547695
2012-08-01 07:47:50,10437.901513308585
2012-08-01 07:47:40,10438.651540722089
2012-08-01 07:47:29,10439.56309346409
2012-08-01 07:47:20,10442.947083605113
2012-08-01 07:47:09,10444.537771140282
2012-08-01 07:46:59,10447.418081560538
2012-08-01 07:46:50,10448.406795367595
2012-08-01 07:46:39,10450.188063867516
2012-08-01 07:46:30,10451.789565286701
2012-08-01 07:46:19,10452.29628450313
2012-08-01 07:46:09,10455.546403273907
2012-08-01 07:46:00,10456.908463987204
2012-08-01 07:45:49,10457.963245128694
2012-08-01 07:45:40,10459.865029939776
2012-08-01 07:45:30,10460.679060722658
2012-08-01 07:45:19,10461.352496555133
2012-08-01 07:45:10,10461.76615998743
2012-08-01 07:44:59,10462.238500449095
2012-08-01 07:44:50,10462.56258358727
2012-08-01 07:44:40,10463.030197750573
2012-08-01 07:44:29,10463.634426937415
2012-08-01 07:44:20,10463.689728552976
2012-08-01 07:44:09,10464.387964127904
2012-08-01 07:44:00,10464.662726709226
2012-08-01 07:43:50,10467.023393103771
2012-08-01 07:43:39,10467.818919260564
2012-08-01 07:43:30,10468.681118599477
2012-08-01 07:43:19,10469.630725543264
2012-08-01 07:43:09,10470.38685544702
2012-08-01 07:43:00,10470.835598882457
2012-08-01 07:42:49,10472.118789630018
2012-08-01 07:42:40,10473.625291494007
2012-08-01 07:42:29,10474.875337201345
2012-08-01 07:42:19,10475.7150881644
2012-08-01 07:42:10,10476.830541118698
2012-08-01 07:41:59,10477.614587299264
2012-08-01 07:41:50,10478.361363495413
2012-08-01 07:41:39,10478.495750656326
2012-08-01 07:41:29,10479.311097308906
2012-08-01 07:41:20,10481.4069172738
2012-08-01 07:41:09,10482.39150139328
2012-08-01 07:41:00,10483.824465897558
2012-08-01 07:40:50,10487.17818387864
2012-08-01 07:40:39,10488.133087306183
2012-08-01 07:40:30,10491.129280350962
2012-08-01 07:40:19,10495.2070198833
2012-08-01 07:40:10,10497.321120650588
2012-08-01 07:40:00,10499.41323888315
2012-08-01 07:39:49,10500.391792262431
2012-08-01 07:39:40,10500.82340446321
2012-08-01 07:39:29,10502.403332623664
2012-08-01 07:39:20,10504.781202039203
2012-08-01 07:39:10,10506.446998195639
2012-08-01 07:38:59,10506.843884015245
2012-08-01 07:38:50,10508.44017097855
2012-08-01 07:38:39,10512.775873067756
2012-08-01 07:38:29,10514.704985040873
2012-08-01 07:38:20,10515.572324470228
2012-08-01 07:38:09,10516.838872432847
2012-08-01 07:38:00,10518.57465597316
2012-08-01 07:37:49,10520.011922207985
2012-08-01 07:37:39,10520.6254539076
2012-08-01 07:37:30,10522.674514365808
2012-08-01 07:37:19,10523.145048695606
2012-08-01 07:37:10,10527.019312961893
2012-08-01 07:36:59,10527.609418017299
2012-08-01 07:36:49,10529.682757531218
2012-08-01 07:36:40,10532.416182729397
2012-08-01 07:36:29,10535.056654230015
2012-08-01 07:36:20,10537.951687175535
2012-08-01 07:36:10,10538.42517833705
2012-08-01 07:35:59,10539.476144999391
2012-08-01 07:35:50,10540.84353674698
2012-08-01 07:35:39,10541.651874756328
2012-08-01 07:35:30,10542.10534800798
2012-08-01 07:35:20,10543.251865707949
2012-08-01 07:35:09,10546.092294139591
2012-08-01 07:35:00,10546.546774360526
2012-08-01 07:34:49,10547.097838243571
2012-08-01 07:34:40,10547.262762685448
2012-08-01 07:34:30,10548.440923108737
2012-08-01 07:34:19,10549.951265406322
2012-08-01 07:34:10,10550.679147162697
2012-08-01 07:33:59,10553.744563617813
2012-08-01 07:33:49,10556.642757019332
2012-08-01 07:33:40,10558.421606207823
2012-08-01 07:33:29,10560.532869317716
2012-08-01 07:33:20,10561.69151194247
2012-08-01 07:33:09,10562.604580397532
2012-08-01 07:32:59,10563.533929209843
2012-08-01 07:32:50,10565.323384240231
2012-08-01 07:32:39,10565.984776962896
2012-08-01 07:32:30,10567.97795384766
2012-08-01 07:32:19,10569.561353942961
2012-08-01 07:32:09,10569.823936312443
2012-08-01 07:32:00,10570.660997928979
2012-08-01 07:31:49,10571.35355790502
2012-08-01 07:31:40,10572.82563402871
2012-08-01 07:31:30,10575.275577053571
2012-08-01 07:31:19,10577.15612853236
2012-08-01 07:31:10,10578.098099766485
2012-08-01 07:30:59,10578.382564204208
2012-08-01 07:30:50,10581.481088460148
2012-08-01 07:30:40,10582.554553524536
2012-08-01 07:30:29,10584.40900267266
2012-08-01 07:30:20,10587.467819508765
2012-08-01 07:30:09,10589.80573066042
2012-08-01 07:30:00,10590.585470188938
2012-08-01 07:29:50,10592.67671203645
2012-08-01 07:29:39,10593.783568645187
2012-08-01 07:29:30,10597.393370403035
2012-08-01 07:29:19,10599.390937725662
2012-08-01 07:29:09,10603.191805184437
2012-08-01 07:29:00,10605.251983204947
2012-08-01 07:28:49,10608.270329314702
2012-08-01 07:28:40,10611.87147601025
2012-08-01 07:28:29,10613.846775754182
2012-08-01 07:28:19,10615.380571113708
2012-08-01 07:28:10,10616.569207616216
2012-08-01 07:27:59,10616.836367063277
2012-08-01 07:27:50,10620.527865523134
2012-08-01 07:27:40,10623.033172882764
2012-08-01 07:27:29,10623.575645095374
2012-08-01 07:27:20,10626.37293014863
2012-08-01 07:27:09,10628.211281176587
2012-08-01 07:27:00,10628.645949594104
2012-08-01 07:26:50,10628.768121607063
2012-08-01 07:26:39,10631.335283883733
2012-08-01 07:26:30,10636.141294777468
2012-08-01 07:26:19,10636.819385024888
2012-08-01 07:26:10,10638.123712976441
2012-08-01 07:26:00,10642.17576444034
2012-08-01 07:25:49,10643.430490675823
2012-08-01 07:25:40,10643.6510007587
2012-08-01 07:25:29,10645.065793593514
2012-08-01 07:25:20,10646.443332800181
2012-08-01 07:25:10,10647.185396777837
2012-08-01 07:24:59,10648.416862780856
2012-08-01 07:24:50,10648.62685911496
2012-08-01 07:24:39,10649.851646117093
2012-08-01 07:24:29,10650.84935453812
2012-08-01 07:24:20,10653.715058876247
2012-08-01 07:24:09,10654.51689379335
2012-08-01 07:24:00,10667.016813643804
2012-08-01 07:23:49,10668.74212389636
2012-08-01 07:23:39,10672.432778940234
2012-08-01 07:23:30,10677.887914552019
2012-08-01 07:23:19,10684.184724058754
2012-08-01 07:23:10,10692.561229750097
